# Version: 3eedb4b
# Task type: mundane
# Task mode: balloon_cs
# Trajectory order: non-random
Participant_ID	trial_num	timestamp	time_of_day_in_seconds	time_in_trial	X_target	Y_target	X_implement	Y_implement	keyboard_used	keys_pressed	implement_move_direction	target_zigged	target_frozen	touching_target_object	target_outside_catchable_area	just_made_magic	just_made_first_contact	target_just_froze	target_just_exited_catchable_area	aversive_noise_onset	antic_period_onset	avoid_period_onset	iti_onset	trial_offset	trial_trajectory	last_tr_num	total_frames_dropped
284	1	18:25:30.650823	66330.650823	0.0258910655975	NA	NA	NA	NA	NA	NA	NA	NA	NA	NA	NA	0	0	0	0	0	1	0	0	0	(-675, -450, 6, 6, [70, -145])	26	75
284	1	18:25:34.639787	66334.639787	4.01485490799	-669.0	-444.0	0.0	-360.0	1	2	right	0	0	0	0	0	0	0	0	0	0	1	0	0	(-675, -450, 6, 6, [70, -145])	31	76
284	1	18:25:35.327516	66335.327516	4.70257711411	-423.0	-198.0	80.0	-360.0	1	3	NA	0	0	0	0	0	0	0	0	0	0	0	0	0	(-675, -450, 6, 6, [70, -145])	31	77
284	1	18:25:35.406576	66335.406576	4.78164410591	-399.0	-174.0	80.0	-360.0	1	4	left	0	0	0	0	0	0	0	0	0	0	0	0	0	(-675, -450, 6, 6, [70, -145])	32	78
284	1	18:25:35.539919	66335.539919	4.91498804092	-351.0	-126.0	0.0	-360.0	1	1	up	0	0	0	0	0	0	0	0	0	0	0	0	0	(-675, -450, 6, 6, [70, -145])	32	78
284	1	18:25:35.639960	66335.63996	5.0150270462	-315.0	-90.0	0.0	-280.0	1	4	left	0	0	0	0	0	0	0	0	0	0	0	0	0	(-675, -450, 6, 6, [70, -145])	32	78
284	1	18:25:35.740014	66335.740014	5.11508107185	-279.0	-54.0	-80.0	-280.0	1	1	up	0	0	0	0	0	0	0	0	0	0	0	0	0	(-675, -450, 6, 6, [70, -145])	32	78
284	1	18:25:35.839953	66335.839953	5.215020895	-243.0	-18.0	-80.0	-200.0	1	4	left	0	0	0	0	0	0	0	0	0	0	0	0	0	(-675, -450, 6, 6, [70, -145])	32	78
284	1	18:25:35.956589	66335.956589	5.33165693283	-201.0	24.0	-160.0	-200.0	1	1	up	0	0	0	0	0	0	0	0	0	0	0	0	0	(-675, -450, 6, 6, [70, -145])	32	78
284	1	18:25:36.006605	66336.006605	5.38167309761	-183.0	42.0	-160.0	-120.0	1	4	left	0	0	0	0	0	0	0	0	0	0	0	0	0	(-675, -450, 6, 6, [70, -145])	32	78
284	1	18:25:36.523292	66336.523292	5.89836001396	3.0	228.0	-240.0	-120.0	1	4	left	0	0	0	0	0	0	0	0	0	0	0	0	0	(-675, -450, 6, 6, [70, -145])	33	78
284	1	18:25:36.656653	66336.656653	6.03172111511	51.0	276.0	-320.0	-120.0	1	3	down	0	0	0	0	0	0	0	0	0	0	0	0	0	(-675, -450, 6, 6, [70, -145])	33	78
284	1	18:25:36.706612	66336.706612	6.08168005943	69.0	294.0	-320.0	-200.0	0	NA	NA	1	0	0	0	0	0	0	0	0	0	0	0	0	(-675, -450, 6, 6, [70, -145])	33	78
284	1	18:25:36.973324	66336.973324	6.34839200974	-21.0	384.0	-320.0	-200.0	0	NA	NA	0	0	0	1	0	0	0	1	1	0	0	0	0	(-675, -450, 6, 6, [70, -145])	33	78
284	1	18:25:37.206684	66337.206684	6.58175206184	-21.0	384.0	-320.0	-200.0	1	3	down	0	0	0	1	0	0	0	0	0	0	0	0	0	(-675, -450, 6, 6, [70, -145])	34	78
284	1	18:25:37.839917	66337.839917	7.21498608589	-21.0	384.0	-320.0	-280.0	1	1	up	0	0	0	1	0	0	0	0	0	0	0	0	0	(-675, -450, 6, 6, [70, -145])	35	78
284	1	18:25:38.006573	66338.006573	7.38163995743	-21.0	384.0	-320.0	-200.0	1	4	left	0	0	0	1	0	0	0	0	0	0	0	0	0	(-675, -450, 6, 6, [70, -145])	35	78
284	1	18:25:38.256559	66338.256559	7.6316280365	-21.0	384.0	-400.0	-200.0	1	1	up	0	0	0	1	0	0	0	0	0	0	0	0	0	(-675, -450, 6, 6, [70, -145])	35	78
284	1	18:25:38.289948	66338.289948	7.66501498222	-21.0	384.0	-400.0	-120.0	1	2	right	0	0	0	1	0	0	0	0	0	0	0	0	0	(-675, -450, 6, 6, [70, -145])	35	78
284	1	18:25:38.406535	66338.406535	7.78160405159	-21.0	384.0	-320.0	-120.0	1	4	left	0	0	0	1	0	0	0	0	0	0	0	0	0	(-675, -450, 6, 6, [70, -145])	35	78
284	1	18:25:38.539906	66338.539906	7.91497302055	-21.0	384.0	-400.0	-120.0	1	1	up	0	0	0	1	0	0	0	0	0	0	0	0	0	(-675, -450, 6, 6, [70, -145])	35	78
284	1	18:25:38.656542	66338.656542	8.03161001205	-21.0	384.0	-400.0	-40.0	1	4	left	0	0	0	1	0	0	0	0	0	0	0	0	0	(-675, -450, 6, 6, [70, -145])	36	78
284	1	18:25:39.106508	66339.106508	8.48157691956	-21.0	384.0	-480.0	-40.0	1	3	down	0	0	0	1	0	0	0	0	0	0	0	0	0	(-675, -450, 6, 6, [70, -145])	36	79
284	1	18:25:39.139864	66339.139864	8.51493310928	NA	NA	NA	NA	NA	NA	NA	NA	NA	NA	NA	0	0	0	0	0	0	0	1	0	(-675, -450, 6, 6, [70, -145])	36	79
284	1	18:25:49.139757	66349.139757	18.5148251057	NA	NA	NA	NA	NA	NA	NA	NA	NA	NA	NA	0	0	0	0	0	0	0	0	1	(-675, -450, 6, 6, [70, -145])	49	80
284	2	18:25:49.159731	66349.159731	0.00312304496765	NA	NA	NA	NA	NA	NA	NA	NA	NA	NA	NA	0	0	0	0	0	1	0	0	0	(-600, -450, 0, 6, [])	49	80
284	2	18:25:53.173336	66353.173336	4.01672697067	-600.0	-444.0	0.0	-360.0	1	1,4,1,4,2,1,1	right	0	0	0	0	0	0	0	0	0	0	1	0	0	(-600, -450, 0, 6, [])	54	80
284	2	18:25:53.539921	66353.539921	4.38331198692	-600.0	-312.0	80.0	-360.0	1	4	left	0	0	0	0	0	0	0	0	0	0	0	0	0	(-600, -450, 0, 6, [])	54	80
284	2	18:25:53.573134	66353.573134	4.41652488708	-600.0	-300.0	0.0	-360.0	1	1	up	0	0	0	0	0	0	0	0	0	0	0	0	0	(-600, -450, 0, 6, [])	54	80
284	2	18:25:53.623227	66353.623227	4.46661806107	-600.0	-282.0	0.0	-280.0	1	2	right	0	0	0	0	0	0	0	0	0	0	0	0	0	(-600, -450, 0, 6, [])	54	80
284	2	18:25:53.673318	66353.673318	4.51669502258	-600.0	-264.0	80.0	-280.0	1	4	left	0	0	0	0	0	0	0	0	0	0	0	0	0	(-600, -450, 0, 6, [])	54	80
284	2	18:25:53.756466	66353.756466	4.59985589981	-600.0	-234.0	0.0	-280.0	1	1	up	0	0	0	0	0	0	0	0	0	0	0	0	0	(-600, -450, 0, 6, [])	54	80
284	2	18:25:53.823245	66353.823245	4.66663599014	-600.0	-210.0	0.0	-200.0	1	4	left	0	0	0	0	0	0	0	0	0	0	0	0	0	(-600, -450, 0, 6, [])	55	80
284	2	18:25:53.923131	66353.923131	4.76652288437	-600.0	-174.0	-80.0	-200.0	1	1	up	0	0	0	0	0	0	0	0	0	0	0	0	0	(-600, -450, 0, 6, [])	55	80
284	2	18:25:53.991107	66353.991107	4.83449411392	-600.0	-150.0	-80.0	-120.0	1	4	left	0	0	0	0	0	0	0	0	0	0	0	0	0	(-600, -450, 0, 6, [])	55	80
284	2	18:25:54.089731	66354.089731	4.93312311172	-600.0	-114.0	-160.0	-120.0	1	1	up	0	0	0	0	0	0	0	0	0	0	0	0	0	(-600, -450, 0, 6, [])	55	80
284	2	18:25:54.139760	66354.13976	4.98315095901	-600.0	-96.0	-160.0	-40.0	1	4	left	0	0	0	0	0	0	0	0	0	0	0	0	0	(-600, -450, 0, 6, [])	55	80
284	2	18:25:54.239768	66354.239768	5.08315896988	-600.0	-60.0	-240.0	-40.0	1	1	up	0	0	0	0	0	0	0	0	0	0	0	0	0	(-600, -450, 0, 6, [])	55	80
284	2	18:25:54.306462	66354.306462	5.1498529911	-600.0	-36.0	-240.0	40.0	1	4	left	0	0	0	0	0	0	0	0	0	0	0	0	0	(-600, -450, 0, 6, [])	55	80
284	2	18:25:54.389788	66354.389788	5.23316907883	-600.0	-6.0	-320.0	40.0	1	1	up	0	0	0	0	0	0	0	0	0	0	0	0	0	(-600, -450, 0, 6, [])	55	80
284	2	18:25:54.473373	66354.473373	5.31676387787	-600.0	24.0	-320.0	120.0	1	4	left	0	0	0	0	0	0	0	0	0	0	0	0	0	(-600, -450, 0, 6, [])	55	80
284	2	18:25:54.756429	66354.756429	5.59981989861	-600.0	126.0	-400.0	120.0	1	4	left	0	0	0	0	0	0	0	0	0	0	0	0	0	(-600, -450, 0, 6, [])	56	80
284	2	18:25:54.806408	66354.806408	5.64980006218	-600.0	144.0	-480.0	120.0	1	1	up	0	0	0	0	0	0	0	0	0	0	0	0	0	(-600, -450, 0, 6, [])	56	80
284	2	18:25:54.939822	66354.939822	5.78321290016	-600.0	192.0	-480.0	200.0	1	4	left	0	1	1	0	0	1	1	0	0	0	0	0	0	(-600, -450, 0, 6, [])	56	80
284	2	18:25:55.039816	66355.039816	5.88320589066	-600.0	192.0	-560.0	200.0	1	1	NA	0	1	1	0	0	0	0	0	0	0	0	0	0	(-600, -450, 0, 6, [])	56	80
284	2	18:25:55.123135	66355.123135	5.96652698517	-600.0	192.0	-560.0	200.0	1	4	NA	0	1	1	0	0	0	0	0	0	0	0	0	0	(-600, -450, 0, 6, [])	56	80
284	2	18:25:55.223547	66355.223547	6.06693506241	-600.0	192.0	-560.0	200.0	1	1	NA	0	1	1	0	0	0	0	0	0	0	0	0	0	(-600, -450, 0, 6, [])	56	80
284	2	18:25:56.623266	66356.623266	7.46665692329	-600.0	192.0	-560.0	200.0	1	1	NA	0	1	1	0	0	0	0	0	0	0	0	0	0	(-600, -450, 0, 6, [])	58	80
284	2	18:25:56.723112	66356.723112	7.56650304794	-600.0	192.0	-560.0	200.0	1	4	NA	0	1	1	0	0	0	0	0	0	0	0	0	0	(-600, -450, 0, 6, [])	58	80
284	2	18:25:57.672982	66357.672982	8.51637291908	NA	NA	NA	NA	NA	NA	NA	NA	NA	NA	NA	0	0	0	0	0	0	0	1	0	(-600, -450, 0, 6, [])	59	81
284	2	18:26:07.672854	66367.672854	18.5162439346	NA	NA	NA	NA	NA	NA	NA	NA	NA	NA	NA	0	0	0	0	0	0	0	0	1	(-600, -450, 0, 6, [])	72	83
284	3	18:26:07.693216	66367.693216	0.00347208976746	NA	NA	NA	NA	NA	NA	NA	NA	NA	NA	NA	0	0	0	0	0	1	0	0	0	(-575, -450, 5, 6, [-200, -500, 290])	72	83
284	3	18:26:11.706170	66371.70617	4.01642417908	-570.0	-444.0	0.0	-360.0	0	NA	NA	0	0	0	0	0	0	0	0	0	0	1	0	0	(-575, -450, 5, 6, [-200, -500, 290])	77	89
284	3	18:26:12.106189	66372.106189	4.41644406319	-450.0	-300.0	0.0	-360.0	1	1	up	0	0	0	0	0	0	0	0	0	0	0	0	0	(-575, -450, 5, 6, [-200, -500, 290])	77	89
284	3	18:26:12.206169	66372.206169	4.51642107964	-420.0	-264.0	0.0	-280.0	1	4	left	0	0	0	0	0	0	0	0	0	0	0	0	0	(-575, -450, 5, 6, [-200, -500, 290])	78	89
284	3	18:26:12.289605	66372.289605	4.59985899925	-395.0	-234.0	-80.0	-280.0	1	1	up	0	0	0	0	0	0	0	0	0	0	0	0	0	(-575, -450, 5, 6, [-200, -500, 290])	78	89
284	3	18:26:12.393587	66372.393587	4.70382714272	-365.0	-198.0	-80.0	-200.0	1	4	left	0	0	0	0	0	0	0	0	0	0	0	0	0	(-575, -450, 5, 6, [-200, -500, 290])	78	90
284	3	18:26:12.456159	66372.456159	4.7664141655	-350.0	-180.0	-160.0	-200.0	1	1	up	0	0	0	0	0	0	0	0	0	0	0	0	0	(-575, -450, 5, 6, [-200, -500, 290])	78	91
284	3	18:26:12.572877	66372.572877	4.88313412666	-320.0	-144.0	-160.0	-120.0	1	4	left	0	0	0	0	0	0	0	0	0	0	0	0	0	(-575, -450, 5, 6, [-200, -500, 290])	78	94
284	3	18:26:12.623077	66372.623077	4.93333315849	-305.0	-126.0	-240.0	-120.0	1	1	up	0	0	0	0	0	0	0	0	0	0	0	0	0	(-575, -450, 5, 6, [-200, -500, 290])	78	94
284	3	18:26:12.689581	66372.689581	4.99983620644	-285.0	-102.0	-240.0	-40.0	0	NA	NA	0	1	1	0	0	1	1	0	0	0	0	0	0	(-575, -450, 5, 6, [-200, -500, 290])	78	94
284	3	18:26:12.856166	66372.856166	5.166421175	-285.0	-102.0	-240.0	-40.0	1	1	NA	0	1	1	0	0	0	0	0	0	0	0	0	0	(-575, -450, 5, 6, [-200, -500, 290])	78	94
284	3	18:26:12.973076	66372.973076	5.28333115578	-285.0	-102.0	-240.0	-40.0	1	4	NA	0	1	1	0	0	0	0	0	0	0	0	0	0	(-575, -450, 5, 6, [-200, -500, 290])	78	94
284	3	18:26:16.201540	66376.20154	8.51179504395	NA	NA	NA	NA	NA	NA	NA	NA	NA	NA	NA	0	0	0	0	0	0	0	1	0	(-575, -450, 5, 6, [-200, -500, 290])	83	96
284	3	18:26:26.200378	66386.200378	18.5106341839	NA	NA	NA	NA	NA	NA	NA	NA	NA	NA	NA	0	0	0	0	0	0	0	0	1	(-575, -450, 5, 6, [-200, -500, 290])	95	100
284	4	18:26:26.220013	66386.220013	0.00259900093079	NA	NA	NA	NA	NA	NA	NA	NA	NA	NA	NA	0	0	0	0	0	1	0	0	0	(-575, -450, -2, 6, [-600, -400])	95	100
284	4	18:26:30.233322	66390.233322	4.01590490341	-577.0	-444.0	0.0	-360.0	1	1,2,2,1,2	right	0	0	0	0	0	0	0	0	0	0	1	0	0	(-575, -450, -2, 6, [-600, -400])	100	106
284	4	18:26:30.389320	66390.38932	4.17190289497	-595.0	-390.0	80.0	-360.0	0	NA	NA	1	0	0	0	0	0	0	0	0	0	0	0	0	(-575, -450, -2, 6, [-600, -400])	100	107
284	4	18:26:30.672870	66390.67287	4.45545506477	-561.0	-288.0	80.0	-360.0	1	1	up	0	0	0	0	0	0	0	0	0	0	0	0	0	(-575, -450, -2, 6, [-600, -400])	101	107
284	4	18:26:30.705951	66390.705951	4.48853492737	-557.0	-276.0	80.0	-280.0	1	4	left	0	0	0	0	0	0	0	0	0	0	0	0	0	(-575, -450, -2, 6, [-600, -400])	101	107
284	4	18:26:30.839300	66390.8393	4.6218829155	-541.0	-228.0	0.0	-280.0	1	4	left	0	0	0	0	0	0	0	0	0	0	0	0	0	(-575, -450, -2, 6, [-600, -400])	101	107
284	4	18:26:30.911720	66390.91172	4.69429302216	-533.0	-204.0	-80.0	-280.0	1	1	up	0	0	0	0	0	0	0	0	0	0	0	0	0	(-575, -450, -2, 6, [-600, -400])	101	108
284	4	18:26:31.005931	66391.005931	4.78851389885	-523.0	-174.0	-80.0	-200.0	1	4	left	0	0	0	0	0	0	0	0	0	0	0	0	0	(-575, -450, -2, 6, [-600, -400])	101	109
284	4	18:26:31.116841	66391.116841	4.89942598343	-511.0	-138.0	-160.0	-200.0	1	1	up	0	0	0	0	0	0	0	0	0	0	0	0	0	(-575, -450, -2, 6, [-600, -400])	101	110
284	4	18:26:31.155907	66391.155907	4.93848800659	-507.0	-126.0	-160.0	-120.0	1	4	left	0	0	0	0	0	0	0	0	0	0	0	0	0	(-575, -450, -2, 6, [-600, -400])	101	111
284	4	18:26:31.255912	66391.255912	5.03849601746	-495.0	-90.0	-240.0	-120.0	1	1	up	0	0	0	0	0	0	0	0	0	0	0	0	0	(-575, -450, -2, 6, [-600, -400])	101	111
284	4	18:26:31.355909	66391.355909	5.13849401474	-483.0	-54.0	-240.0	-40.0	1	4	left	0	0	0	0	0	0	0	0	0	0	0	0	0	(-575, -450, -2, 6, [-600, -400])	101	111
284	4	18:26:31.539302	66391.539302	5.32188510895	-461.0	12.0	-320.0	-40.0	1	4	left	0	0	0	0	0	0	0	0	0	0	0	0	0	(-575, -450, -2, 6, [-600, -400])	102	111
284	4	18:26:31.649868	66391.649868	5.43245196342	-449.0	48.0	-400.0	-40.0	1	1	up	0	0	0	0	0	0	0	0	0	0	0	0	0	(-575, -450, -2, 6, [-600, -400])	102	112
284	4	18:26:31.722628	66391.722628	5.50521206856	-441.0	72.0	-400.0	40.0	1	4	left	0	0	0	0	0	0	0	0	0	0	0	0	0	(-575, -450, -2, 6, [-600, -400])	102	113
284	4	18:26:31.839340	66391.83934	5.62192392349	-427.0	114.0	-480.0	40.0	1	1	up	0	0	0	0	0	0	0	0	0	0	0	0	0	(-575, -450, -2, 6, [-600, -400])	102	113
284	4	18:26:31.922900	66391.9229	5.70548510551	-417.0	144.0	-480.0	120.0	1	4	left	0	0	0	0	0	0	0	0	0	0	0	0	0	(-575, -450, -2, 6, [-600, -400])	102	113
284	4	18:26:32.022820	66392.02282	5.80540394783	-405.0	180.0	-560.0	120.0	1	1	up	1	0	0	0	0	0	0	0	0	0	0	0	0	(-575, -450, -2, 6, [-600, -400])	102	113
284	4	18:26:32.239221	66392.239221	6.02180600166	-429.0	252.0	-560.0	200.0	1	2	right	0	0	0	0	0	0	0	0	0	0	0	0	0	(-575, -450, -2, 6, [-600, -400])	103	115
284	4	18:26:32.316409	66392.316409	6.09899401665	-435.0	270.0	-480.0	200.0	1	1	up	0	0	0	0	0	0	0	0	0	0	0	0	0	(-575, -450, -2, 6, [-600, -400])	103	116
284	4	18:26:32.416391	66392.416391	6.19897603989	-447.0	306.0	-480.0	280.0	1	2	right	0	0	0	0	0	0	0	0	0	0	0	0	0	(-575, -450, -2, 6, [-600, -400])	103	116
284	4	18:26:32.566629	66392.566629	6.349214077	-465.0	360.0	-400.0	280.0	1	1	up	0	0	0	0	0	0	0	0	0	0	0	0	0	(-575, -450, -2, 6, [-600, -400])	103	116
284	4	18:26:32.655896	66392.655896	6.43848109245	-473.0	384.0	-400.0	360.0	0	NA	NA	0	0	0	1	0	0	0	1	1	0	0	0	0	(-575, -450, -2, 6, [-600, -400])	103	117
284	4	18:26:32.772801	66392.772801	6.55538511276	-473.0	384.0	-400.0	360.0	1	4	left	0	0	1	1	0	0	0	0	0	0	0	0	0	(-575, -450, -2, 6, [-600, -400])	103	117
284	4	18:26:32.789312	66392.789312	6.57189512253	-473.0	384.0	-480.0	360.0	0	NA	NA	0	0	1	1	0	0	0	0	0	0	0	0	0	(-575, -450, -2, 6, [-600, -400])	103	117
284	4	18:26:32.805861	66392.805861	6.5884449482	-473.0	384.0	-480.0	360.0	0	NA	NA	0	0	1	1	0	0	0	0	0	0	0	0	0	(-575, -450, -2, 6, [-600, -400])	103	117
284	4	18:26:32.822758	66392.822758	6.60534191132	-473.0	384.0	-480.0	360.0	0	NA	NA	0	0	1	1	0	0	0	0	0	0	0	0	0	(-575, -450, -2, 6, [-600, -400])	103	117
284	4	18:26:32.839239	66392.839239	6.62182211876	-473.0	384.0	-480.0	360.0	0	NA	NA	0	0	1	1	0	0	0	0	0	0	0	0	0	(-575, -450, -2, 6, [-600, -400])	103	117
284	4	18:26:32.855934	66392.855934	6.63851809502	-473.0	384.0	-480.0	360.0	0	NA	NA	0	0	1	1	0	0	0	0	0	0	0	0	0	(-575, -450, -2, 6, [-600, -400])	103	117
284	4	18:26:32.872846	66392.872846	6.65543007851	-473.0	384.0	-480.0	360.0	0	NA	NA	0	0	1	1	0	0	0	0	0	0	0	0	0	(-575, -450, -2, 6, [-600, -400])	103	117
284	4	18:26:32.889328	66392.889328	6.67191195488	-473.0	384.0	-480.0	360.0	0	NA	NA	0	0	1	1	0	0	0	0	0	0	0	0	0	(-575, -450, -2, 6, [-600, -400])	103	117
284	4	18:26:32.905936	66392.905936	6.68851995468	-473.0	384.0	-480.0	360.0	0	NA	NA	0	0	1	1	0	0	0	0	0	0	0	0	0	(-575, -450, -2, 6, [-600, -400])	103	117
284	4	18:26:32.922899	66392.922899	6.70548295975	-473.0	384.0	-480.0	360.0	0	NA	NA	0	0	1	1	0	0	0	0	0	0	0	0	0	(-575, -450, -2, 6, [-600, -400])	103	117
284	4	18:26:32.939256	66392.939256	6.72183990479	-473.0	384.0	-480.0	360.0	0	NA	NA	0	0	1	1	0	0	0	0	0	0	0	0	0	(-575, -450, -2, 6, [-600, -400])	103	117
284	4	18:26:32.955939	66392.955939	6.73852396011	-473.0	384.0	-480.0	360.0	0	NA	NA	0	0	1	1	0	0	0	0	0	0	0	0	0	(-575, -450, -2, 6, [-600, -400])	103	117
284	4	18:26:32.972856	66392.972856	6.75544095039	-473.0	384.0	-480.0	360.0	0	NA	NA	0	0	1	1	0	0	0	0	0	0	0	0	0	(-575, -450, -2, 6, [-600, -400])	103	117
284	4	18:26:32.989284	66392.989284	6.77186799049	-473.0	384.0	-480.0	360.0	0	NA	NA	0	0	1	1	0	0	0	0	0	0	0	0	0	(-575, -450, -2, 6, [-600, -400])	103	117
284	4	18:26:33.016547	66393.016547	6.79913210869	-473.0	384.0	-480.0	360.0	0	NA	NA	0	0	1	1	0	0	0	0	0	0	0	0	0	(-575, -450, -2, 6, [-600, -400])	104	118
284	4	18:26:33.033090	66393.03309	6.81567311287	-473.0	384.0	-480.0	360.0	0	NA	NA	0	0	1	1	0	0	0	0	0	0	0	0	0	(-575, -450, -2, 6, [-600, -400])	104	118
284	4	18:26:33.055886	66393.055886	6.83847093582	-473.0	384.0	-480.0	360.0	0	NA	NA	0	0	1	1	0	0	0	0	0	0	0	0	0	(-575, -450, -2, 6, [-600, -400])	104	119
284	4	18:26:33.072875	66393.072875	6.85545897484	-473.0	384.0	-480.0	360.0	0	NA	NA	0	0	1	1	0	0	0	0	0	0	0	0	0	(-575, -450, -2, 6, [-600, -400])	104	119
284	4	18:26:33.089272	66393.089272	6.8718559742	-473.0	384.0	-480.0	360.0	0	NA	NA	0	0	1	1	0	0	0	0	0	0	0	0	0	(-575, -450, -2, 6, [-600, -400])	104	119
284	4	18:26:33.105895	66393.105895	6.88847994804	-473.0	384.0	-480.0	360.0	0	NA	NA	0	0	1	1	0	0	0	0	0	0	0	0	0	(-575, -450, -2, 6, [-600, -400])	104	119
284	4	18:26:33.122847	66393.122847	6.90543198586	-473.0	384.0	-480.0	360.0	0	NA	NA	0	0	1	1	0	0	0	0	0	0	0	0	0	(-575, -450, -2, 6, [-600, -400])	104	119
284	4	18:26:33.139212	66393.139212	6.92179703712	-473.0	384.0	-480.0	360.0	0	NA	NA	0	0	1	1	0	0	0	0	0	0	0	0	0	(-575, -450, -2, 6, [-600, -400])	104	119
284	4	18:26:33.155891	66393.155891	6.93847489357	-473.0	384.0	-480.0	360.0	0	NA	NA	0	0	1	1	0	0	0	0	0	0	0	0	0	(-575, -450, -2, 6, [-600, -400])	104	119
284	4	18:26:33.172845	66393.172845	6.95543003082	-473.0	384.0	-480.0	360.0	0	NA	NA	0	0	1	1	0	0	0	0	0	0	0	0	0	(-575, -450, -2, 6, [-600, -400])	104	119
284	4	18:26:33.189273	66393.189273	6.9718580246	-473.0	384.0	-480.0	360.0	0	NA	NA	0	0	1	1	0	0	0	0	0	0	0	0	0	(-575, -450, -2, 6, [-600, -400])	104	119
284	4	18:26:33.205912	66393.205912	6.98849701881	-473.0	384.0	-480.0	360.0	0	NA	NA	0	0	1	1	0	0	0	0	0	0	0	0	0	(-575, -450, -2, 6, [-600, -400])	104	119
284	4	18:26:33.222843	66393.222843	7.00542712212	-473.0	384.0	-480.0	360.0	0	NA	NA	0	0	1	1	0	0	0	0	0	0	0	0	0	(-575, -450, -2, 6, [-600, -400])	104	119
284	4	18:26:33.239266	66393.239266	7.02184891701	-473.0	384.0	-480.0	360.0	0	NA	NA	0	0	1	1	0	0	0	0	0	0	0	0	0	(-575, -450, -2, 6, [-600, -400])	104	119
284	4	18:26:33.255877	66393.255877	7.03846096992	-473.0	384.0	-480.0	360.0	0	NA	NA	0	0	1	1	0	0	0	0	0	0	0	0	0	(-575, -450, -2, 6, [-600, -400])	104	119
284	4	18:26:33.272817	66393.272817	7.05540108681	-473.0	384.0	-480.0	360.0	0	NA	NA	0	0	1	1	0	0	0	0	0	0	0	0	0	(-575, -450, -2, 6, [-600, -400])	104	119
284	4	18:26:33.289275	66393.289275	7.07185792923	-473.0	384.0	-480.0	360.0	0	NA	NA	0	0	1	1	0	0	0	0	0	0	0	0	0	(-575, -450, -2, 6, [-600, -400])	104	119
284	4	18:26:33.305928	66393.305928	7.08851194382	-473.0	384.0	-480.0	360.0	0	NA	NA	0	0	1	1	0	0	0	0	0	0	0	0	0	(-575, -450, -2, 6, [-600, -400])	104	119
284	4	18:26:33.322842	66393.322842	7.10542607307	-473.0	384.0	-480.0	360.0	0	NA	NA	0	0	1	1	0	0	0	0	0	0	0	0	0	(-575, -450, -2, 6, [-600, -400])	104	119
284	4	18:26:33.339256	66393.339256	7.12183904648	-473.0	384.0	-480.0	360.0	0	NA	NA	0	0	1	1	0	0	0	0	0	0	0	0	0	(-575, -450, -2, 6, [-600, -400])	104	119
284	4	18:26:33.355901	66393.355901	7.13848590851	-473.0	384.0	-480.0	360.0	0	NA	NA	0	0	1	1	0	0	0	0	0	0	0	0	0	(-575, -450, -2, 6, [-600, -400])	104	119
284	4	18:26:33.372842	66393.372842	7.15541410446	-473.0	384.0	-480.0	360.0	0	NA	NA	0	0	1	1	0	0	0	0	0	0	0	0	0	(-575, -450, -2, 6, [-600, -400])	104	119
284	4	18:26:33.406239	66393.406239	7.18881797791	-473.0	384.0	-480.0	360.0	0	NA	NA	0	0	1	1	0	0	0	0	0	0	0	0	0	(-575, -450, -2, 6, [-600, -400])	104	120
284	4	18:26:33.422659	66393.422659	7.20524406433	-473.0	384.0	-480.0	360.0	0	NA	NA	0	0	1	1	0	0	0	0	0	0	0	0	0	(-575, -450, -2, 6, [-600, -400])	104	120
284	4	18:26:33.439237	66393.439237	7.22182106972	-473.0	384.0	-480.0	360.0	0	NA	NA	0	0	1	1	0	0	0	0	0	0	0	0	0	(-575, -450, -2, 6, [-600, -400])	104	120
284	4	18:26:33.455888	66393.455888	7.23847293854	-473.0	384.0	-480.0	360.0	0	NA	NA	0	0	1	1	0	0	0	0	0	0	0	0	0	(-575, -450, -2, 6, [-600, -400])	104	120
284	4	18:26:33.472923	66393.472923	7.25550794601	-473.0	384.0	-480.0	360.0	0	NA	NA	0	0	1	1	0	0	0	0	0	0	0	0	0	(-575, -450, -2, 6, [-600, -400])	104	120
284	4	18:26:33.489215	66393.489215	7.27179908752	-473.0	384.0	-480.0	360.0	0	NA	NA	0	0	1	1	0	0	0	0	0	0	0	0	0	(-575, -450, -2, 6, [-600, -400])	104	120
284	4	18:26:33.506437	66393.506437	7.28901600838	-473.0	384.0	-480.0	360.0	0	NA	NA	0	0	1	1	0	0	0	0	0	0	0	0	0	(-575, -450, -2, 6, [-600, -400])	104	120
284	4	18:26:33.532961	66393.532961	7.31554603577	-473.0	384.0	-480.0	360.0	0	NA	NA	0	0	1	1	0	0	0	0	0	0	0	0	0	(-575, -450, -2, 6, [-600, -400])	104	121
284	4	18:26:33.549599	66393.549599	7.33218312263	-473.0	384.0	-480.0	360.0	0	NA	NA	0	0	1	1	0	0	0	0	0	0	0	0	0	(-575, -450, -2, 6, [-600, -400])	104	121
284	4	18:26:33.566258	66393.566258	7.34884190559	-473.0	384.0	-480.0	360.0	0	NA	NA	0	0	1	1	0	0	0	0	0	0	0	0	0	(-575, -450, -2, 6, [-600, -400])	104	121
284	4	18:26:33.582915	66393.582915	7.36549901962	-473.0	384.0	-480.0	360.0	0	NA	NA	0	0	1	1	0	0	0	0	0	0	0	0	0	(-575, -450, -2, 6, [-600, -400])	104	121
284	4	18:26:33.599617	66393.599617	7.38220095634	-473.0	384.0	-480.0	360.0	0	NA	NA	0	0	1	1	0	0	0	0	0	0	0	0	0	(-575, -450, -2, 6, [-600, -400])	104	121
284	4	18:26:33.616679	66393.616679	7.39926409721	-473.0	384.0	-480.0	360.0	0	NA	NA	0	0	1	1	0	0	0	0	0	0	0	0	0	(-575, -450, -2, 6, [-600, -400])	104	121
284	4	18:26:33.632982	66393.632982	7.41556501389	-473.0	384.0	-480.0	360.0	0	NA	NA	0	0	1	1	0	0	0	0	0	0	0	0	0	(-575, -450, -2, 6, [-600, -400])	104	121
284	4	18:26:33.655908	66393.655908	7.43849301338	-473.0	384.0	-480.0	360.0	0	NA	NA	0	0	1	1	0	0	0	0	0	0	0	0	0	(-575, -450, -2, 6, [-600, -400])	104	122
284	4	18:26:33.672867	66393.672867	7.45545101166	-473.0	384.0	-480.0	360.0	0	NA	NA	0	0	1	1	0	0	0	0	0	0	0	0	0	(-575, -450, -2, 6, [-600, -400])	104	122
284	4	18:26:33.689256	66393.689256	7.47183990479	-473.0	384.0	-480.0	360.0	0	NA	NA	0	0	1	1	0	0	0	0	0	0	0	0	0	(-575, -450, -2, 6, [-600, -400])	104	122
284	4	18:26:33.705884	66393.705884	7.48846912384	-473.0	384.0	-480.0	360.0	0	NA	NA	0	0	1	1	0	0	0	0	0	0	0	0	0	(-575, -450, -2, 6, [-600, -400])	104	122
284	4	18:26:33.722771	66393.722771	7.50535511971	-473.0	384.0	-480.0	360.0	0	NA	NA	0	0	1	1	0	0	0	0	0	0	0	0	0	(-575, -450, -2, 6, [-600, -400])	104	122
284	4	18:26:33.739275	66393.739275	7.52185797691	-473.0	384.0	-480.0	360.0	0	NA	NA	0	0	1	1	0	0	0	0	0	0	0	0	0	(-575, -450, -2, 6, [-600, -400])	104	122
284	4	18:26:33.755921	66393.755921	7.53850412369	-473.0	384.0	-480.0	360.0	0	NA	NA	0	0	1	1	0	0	0	0	0	0	0	0	0	(-575, -450, -2, 6, [-600, -400])	104	122
284	4	18:26:33.772815	66393.772815	7.55539989471	-473.0	384.0	-480.0	360.0	0	NA	NA	0	0	1	1	0	0	0	0	0	0	0	0	0	(-575, -450, -2, 6, [-600, -400])	104	122
284	4	18:26:33.789215	66393.789215	7.57179903984	-473.0	384.0	-480.0	360.0	0	NA	NA	0	0	1	1	0	0	0	0	0	0	0	0	0	(-575, -450, -2, 6, [-600, -400])	104	122
284	4	18:26:33.805872	66393.805872	7.58845591545	-473.0	384.0	-480.0	360.0	0	NA	NA	0	0	1	1	0	0	0	0	0	0	0	0	0	(-575, -450, -2, 6, [-600, -400])	105	122
284	4	18:26:33.832974	66393.832974	7.61555790901	-473.0	384.0	-480.0	360.0	0	NA	NA	0	0	1	1	0	0	0	0	0	0	0	0	0	(-575, -450, -2, 6, [-600, -400])	105	123
284	4	18:26:33.855896	66393.855896	7.63847994804	-473.0	384.0	-480.0	360.0	0	NA	NA	0	0	1	1	0	0	0	0	0	0	0	0	0	(-575, -450, -2, 6, [-600, -400])	105	124
284	4	18:26:33.872808	66393.872808	7.65539193153	-473.0	384.0	-480.0	360.0	0	NA	NA	0	0	1	1	0	0	0	0	0	0	0	0	0	(-575, -450, -2, 6, [-600, -400])	105	124
284	4	18:26:33.889291	66393.889291	7.671875	-473.0	384.0	-480.0	360.0	0	NA	NA	0	0	1	1	0	0	0	0	0	0	0	0	0	(-575, -450, -2, 6, [-600, -400])	105	124
284	4	18:26:33.905859	66393.905859	7.68844294548	-473.0	384.0	-480.0	360.0	0	NA	NA	0	0	1	1	0	0	0	0	0	0	0	0	0	(-575, -450, -2, 6, [-600, -400])	105	124
284	4	18:26:33.922796	66393.922796	7.70537996292	-473.0	384.0	-480.0	360.0	0	NA	NA	0	0	1	1	0	0	0	0	0	0	0	0	0	(-575, -450, -2, 6, [-600, -400])	105	124
284	4	18:26:33.939270	66393.93927	7.72185397148	-473.0	384.0	-480.0	360.0	0	NA	NA	0	0	1	1	0	0	0	0	0	0	0	0	0	(-575, -450, -2, 6, [-600, -400])	105	124
284	4	18:26:33.955889	66393.955889	7.73847389221	-473.0	384.0	-480.0	360.0	0	NA	NA	0	0	1	1	0	0	0	0	0	0	0	0	0	(-575, -450, -2, 6, [-600, -400])	105	124
284	4	18:26:33.972826	66393.972826	7.75541090965	-473.0	384.0	-480.0	360.0	0	NA	NA	0	0	1	1	0	0	0	0	0	0	0	0	0	(-575, -450, -2, 6, [-600, -400])	105	124
284	4	18:26:33.989254	66393.989254	7.77182602882	-473.0	384.0	-480.0	360.0	0	NA	NA	0	0	1	1	0	0	0	0	0	0	0	0	0	(-575, -450, -2, 6, [-600, -400])	105	124
284	4	18:26:34.005877	66394.005877	7.78846096992	-473.0	384.0	-480.0	360.0	0	NA	NA	0	0	1	1	0	0	0	0	0	0	0	0	0	(-575, -450, -2, 6, [-600, -400])	105	124
284	4	18:26:34.022849	66394.022849	7.8054330349	-473.0	384.0	-480.0	360.0	0	NA	NA	0	0	1	1	0	0	0	0	0	0	0	0	0	(-575, -450, -2, 6, [-600, -400])	105	124
284	4	18:26:34.039253	66394.039253	7.82183694839	-473.0	384.0	-480.0	360.0	0	NA	NA	0	0	1	1	0	0	0	0	0	0	0	0	0	(-575, -450, -2, 6, [-600, -400])	105	124
284	4	18:26:34.055880	66394.05588	7.83846402168	-473.0	384.0	-480.0	360.0	0	NA	NA	0	0	1	1	0	0	0	0	0	0	0	0	0	(-575, -450, -2, 6, [-600, -400])	105	124
284	4	18:26:34.072657	66394.072657	7.85524201393	-473.0	384.0	-480.0	360.0	0	NA	NA	0	0	1	1	0	0	0	0	0	0	0	0	0	(-575, -450, -2, 6, [-600, -400])	105	124
284	4	18:26:34.089237	66394.089237	7.87182092667	-473.0	384.0	-480.0	360.0	0	NA	NA	0	0	1	1	0	0	0	0	0	0	0	0	0	(-575, -450, -2, 6, [-600, -400])	105	124
284	4	18:26:34.105929	66394.105929	7.8885140419	-473.0	384.0	-480.0	360.0	0	NA	NA	0	0	1	1	0	0	0	0	0	0	0	0	0	(-575, -450, -2, 6, [-600, -400])	105	124
284	4	18:26:34.122783	66394.122783	7.90536808968	-473.0	384.0	-480.0	360.0	0	NA	NA	0	0	1	1	0	0	0	0	0	0	0	0	0	(-575, -450, -2, 6, [-600, -400])	105	124
284	4	18:26:34.139266	66394.139266	7.92184996605	-473.0	384.0	-480.0	360.0	0	NA	NA	0	0	1	1	0	0	0	0	0	0	0	0	0	(-575, -450, -2, 6, [-600, -400])	105	124
284	4	18:26:34.155959	66394.155959	7.93854308128	-473.0	384.0	-480.0	360.0	0	NA	NA	0	0	1	1	0	0	0	0	0	0	0	0	0	(-575, -450, -2, 6, [-600, -400])	105	124
284	4	18:26:34.172828	66394.172828	7.95541095734	-473.0	384.0	-480.0	360.0	0	NA	NA	0	0	1	1	0	0	0	0	0	0	0	0	0	(-575, -450, -2, 6, [-600, -400])	105	124
284	4	18:26:34.189241	66394.189241	7.97182512283	-473.0	384.0	-480.0	360.0	0	NA	NA	0	0	1	1	0	0	0	0	0	0	0	0	0	(-575, -450, -2, 6, [-600, -400])	105	124
284	4	18:26:34.205889	66394.205889	7.98847389221	-473.0	384.0	-480.0	360.0	0	NA	NA	0	0	1	1	0	0	0	0	0	0	0	0	0	(-575, -450, -2, 6, [-600, -400])	105	124
284	4	18:26:34.222709	66394.222709	8.00529408455	-473.0	384.0	-480.0	360.0	0	NA	NA	0	0	1	1	0	0	0	0	0	0	0	0	0	(-575, -450, -2, 6, [-600, -400])	105	124
284	4	18:26:34.239282	66394.239282	8.02186489105	-473.0	384.0	-480.0	360.0	0	NA	NA	0	0	1	1	0	0	0	0	0	0	0	0	0	(-575, -450, -2, 6, [-600, -400])	105	124
284	4	18:26:34.255907	66394.255907	8.03849005699	-473.0	384.0	-480.0	360.0	0	NA	NA	0	0	1	1	0	0	0	0	0	0	0	0	0	(-575, -450, -2, 6, [-600, -400])	105	124
284	4	18:26:34.272828	66394.272828	8.05541300774	-473.0	384.0	-480.0	360.0	0	NA	NA	0	0	1	1	0	0	0	0	0	0	0	0	0	(-575, -450, -2, 6, [-600, -400])	105	124
284	4	18:26:34.289243	66394.289243	8.07182598114	-473.0	384.0	-480.0	360.0	0	NA	NA	0	0	1	1	0	0	0	0	0	0	0	0	0	(-575, -450, -2, 6, [-600, -400])	105	124
284	4	18:26:34.305913	66394.305913	8.08849596977	-473.0	384.0	-480.0	360.0	0	NA	NA	0	0	1	1	0	0	0	0	0	0	0	0	0	(-575, -450, -2, 6, [-600, -400])	105	124
284	4	18:26:34.322831	66394.322831	8.10541605949	-473.0	384.0	-480.0	360.0	0	NA	NA	0	0	1	1	0	0	0	0	0	0	0	0	0	(-575, -450, -2, 6, [-600, -400])	105	124
284	4	18:26:34.339289	66394.339289	8.12187290192	-473.0	384.0	-480.0	360.0	0	NA	NA	0	0	1	1	0	0	0	0	0	0	0	0	0	(-575, -450, -2, 6, [-600, -400])	105	124
284	4	18:26:34.355864	66394.355864	8.13844895363	-473.0	384.0	-480.0	360.0	0	NA	NA	0	0	1	1	0	0	0	0	0	0	0	0	0	(-575, -450, -2, 6, [-600, -400])	105	124
284	4	18:26:34.372848	66394.372848	8.15543293953	-473.0	384.0	-480.0	360.0	0	NA	NA	0	0	1	1	0	0	0	0	0	0	0	0	0	(-575, -450, -2, 6, [-600, -400])	105	124
284	4	18:26:34.389236	66394.389236	8.17181992531	-473.0	384.0	-480.0	360.0	0	NA	NA	0	0	1	1	0	0	0	0	0	0	0	0	0	(-575, -450, -2, 6, [-600, -400])	105	124
284	4	18:26:34.405877	66394.405877	8.18846106529	-473.0	384.0	-480.0	360.0	0	NA	NA	0	0	1	1	0	0	0	0	0	0	0	0	0	(-575, -450, -2, 6, [-600, -400])	105	124
284	4	18:26:34.422823	66394.422823	8.20540809631	-473.0	384.0	-480.0	360.0	0	NA	NA	0	0	1	1	0	0	0	0	0	0	0	0	0	(-575, -450, -2, 6, [-600, -400])	105	124
284	4	18:26:34.439260	66394.43926	8.22184300423	-473.0	384.0	-480.0	360.0	0	NA	NA	0	0	1	1	0	0	0	0	0	0	0	0	0	(-575, -450, -2, 6, [-600, -400])	105	124
284	4	18:26:34.455856	66394.455856	8.23844099045	-473.0	384.0	-480.0	360.0	0	NA	NA	0	0	1	1	0	0	0	0	0	0	0	0	0	(-575, -450, -2, 6, [-600, -400])	105	124
284	4	18:26:34.472818	66394.472818	8.25540208817	-473.0	384.0	-480.0	360.0	0	NA	NA	0	0	1	1	0	0	0	0	0	0	0	0	0	(-575, -450, -2, 6, [-600, -400])	105	124
284	4	18:26:34.489273	66394.489273	8.27185702324	-473.0	384.0	-480.0	360.0	0	NA	NA	0	0	1	1	0	0	0	0	0	0	0	0	0	(-575, -450, -2, 6, [-600, -400])	105	124
284	4	18:26:34.505906	66394.505906	8.28849005699	-473.0	384.0	-480.0	360.0	0	NA	NA	0	0	1	1	0	0	0	0	0	0	0	0	0	(-575, -450, -2, 6, [-600, -400])	105	124
284	4	18:26:34.522812	66394.522812	8.30539608002	-473.0	384.0	-480.0	360.0	0	NA	NA	0	0	1	1	0	0	0	0	0	0	0	0	0	(-575, -450, -2, 6, [-600, -400])	105	124
284	4	18:26:34.539282	66394.539282	8.32186603546	-473.0	384.0	-480.0	360.0	0	NA	NA	0	0	1	1	0	0	0	0	0	0	0	0	0	(-575, -450, -2, 6, [-600, -400])	105	124
284	4	18:26:34.555880	66394.55588	8.33846402168	-473.0	384.0	-480.0	360.0	0	NA	NA	0	0	1	1	0	0	0	0	0	0	0	0	0	(-575, -450, -2, 6, [-600, -400])	105	124
284	4	18:26:34.572807	66394.572807	8.35539102554	-473.0	384.0	-480.0	360.0	0	NA	NA	0	0	1	1	0	0	0	0	0	0	0	0	0	(-575, -450, -2, 6, [-600, -400])	105	124
284	4	18:26:34.589268	66394.589268	8.37185096741	-473.0	384.0	-480.0	360.0	0	NA	NA	0	0	1	1	0	0	0	0	0	0	0	0	0	(-575, -450, -2, 6, [-600, -400])	105	124
284	4	18:26:34.621134	66394.621134	8.40370702744	-473.0	384.0	-480.0	360.0	0	NA	NA	0	0	1	1	0	0	0	0	0	0	0	0	0	(-575, -450, -2, 6, [-600, -400])	106	125
284	4	18:26:34.639190	66394.63919	8.42177391052	-473.0	384.0	-480.0	360.0	0	NA	NA	0	0	1	1	0	0	0	0	0	0	0	0	0	(-575, -450, -2, 6, [-600, -400])	106	125
284	4	18:26:34.655862	66394.655862	8.43844389915	-473.0	384.0	-480.0	360.0	0	NA	NA	0	0	1	1	0	0	0	0	0	0	0	0	0	(-575, -450, -2, 6, [-600, -400])	106	125
284	4	18:26:34.672607	66394.672607	8.45519304276	-473.0	384.0	-480.0	360.0	0	NA	NA	0	0	1	1	0	0	0	0	0	0	0	0	0	(-575, -450, -2, 6, [-600, -400])	106	125
284	4	18:26:34.689205	66394.689205	8.47178912163	-473.0	384.0	-480.0	360.0	0	NA	NA	0	0	1	1	0	0	0	0	0	0	0	0	0	(-575, -450, -2, 6, [-600, -400])	106	125
284	4	18:26:34.705853	66394.705853	8.48843693733	-473.0	384.0	-480.0	360.0	0	NA	NA	0	0	1	1	0	0	0	0	0	0	0	0	0	(-575, -450, -2, 6, [-600, -400])	106	125
284	4	18:26:34.722492	66394.722492	8.50507712364	NA	NA	NA	NA	NA	NA	NA	NA	NA	NA	NA	0	0	0	0	0	0	0	1	0	(-575, -450, -2, 6, [-600, -400])	106	125
284	4	18:26:44.722580	66404.72258	18.5051651001	NA	NA	NA	NA	NA	NA	NA	NA	NA	NA	NA	0	0	0	0	0	0	0	0	1	(-575, -450, -2, 6, [-600, -400])	118	131
284	5	18:26:44.743424	66404.743424	0.00409698486328	NA	NA	NA	NA	NA	NA	NA	NA	NA	NA	NA	0	0	0	0	0	1	0	0	0	(-400, -450, 8, 6, [0, -360, 650, -500, 500])	118	131
284	5	18:26:48.747857	66408.747857	4.00852894783	-392.0	-444.0	0.0	-360.0	0	NA	NA	0	0	0	0	0	0	0	0	0	0	1	0	0	(-400, -450, 8, 6, [0, -360, 650, -500, 500])	123	136
284	5	18:26:49.205747	66409.205747	4.46641778946	-176.0	-282.0	0.0	-360.0	1	1	up	0	0	0	0	0	0	0	0	0	0	0	0	0	(-400, -450, 8, 6, [0, -360, 650, -500, 500])	124	137
284	5	18:26:49.422564	66409.422564	4.68323683739	-80.0	-210.0	0.0	-280.0	1	1,2	right	0	0	0	0	0	0	0	0	0	0	0	0	0	(-400, -450, 8, 6, [0, -360, 650, -500, 500])	124	139
284	5	18:26:49.522577	66409.522577	4.78325080872	-40.0	-180.0	80.0	-280.0	1	4	left	0	0	0	0	0	0	0	0	0	0	0	0	0	(-400, -450, 8, 6, [0, -360, 650, -500, 500])	124	140
284	5	18:26:49.605646	66409.605646	4.86631894112	0.0	-150.0	0.0	-280.0	1	2	right	1	0	0	0	0	0	0	0	0	0	0	0	0	(-400, -450, 8, 6, [0, -360, 650, -500, 500])	124	140
284	5	18:26:49.697799	66409.697799	4.95847201347	-40.0	-120.0	80.0	-280.0	1	4	left	0	0	0	0	0	0	0	0	0	0	0	0	0	(-400, -450, 8, 6, [0, -360, 650, -500, 500])	124	141
284	5	18:26:49.772440	66409.77244	5.03311300278	-72.0	-96.0	0.0	-280.0	1	2	right	0	0	0	0	0	0	0	0	0	0	0	0	0	(-400, -450, 8, 6, [0, -360, 650, -500, 500])	124	142
284	5	18:26:49.789145	66409.789145	5.04981589317	-80.0	-90.0	80.0	-280.0	1	1	up	0	0	0	0	0	0	0	0	0	0	0	0	0	(-400, -450, 8, 6, [0, -360, 650, -500, 500])	125	142
284	5	18:26:49.847847	66409.847847	5.10851883888	-104.0	-72.0	80.0	-200.0	1	4	left	0	0	0	0	0	0	0	0	0	0	0	0	0	(-400, -450, 8, 6, [0, -360, 650, -500, 500])	125	143
284	5	18:26:49.922580	66409.92258	5.18325281143	-136.0	-48.0	0.0	-200.0	1	1	up	0	0	0	0	0	0	0	0	0	0	0	0	0	(-400, -450, 8, 6, [0, -360, 650, -500, 500])	125	144
284	5	18:26:49.997759	66409.997759	5.25843095779	-168.0	-24.0	0.0	-120.0	1	4	left	0	0	0	0	0	0	0	0	0	0	0	0	0	(-400, -450, 8, 6, [0, -360, 650, -500, 500])	125	145
284	5	18:26:50.139083	66410.139083	5.39975380898	-232.0	24.0	-80.0	-120.0	1	4	left	0	0	0	0	0	0	0	0	0	0	0	0	0	(-400, -450, 8, 6, [0, -360, 650, -500, 500])	125	146
284	5	18:26:50.214474	66410.214474	5.47514796257	-264.0	48.0	-160.0	-120.0	1	2	right	0	0	0	0	0	0	0	0	0	0	0	0	0	(-400, -450, 8, 6, [0, -360, 650, -500, 500])	125	147
284	5	18:26:50.314633	66410.314633	5.57530498505	-312.0	84.0	-80.0	-120.0	1	4	left	0	0	0	0	0	0	0	0	0	0	0	0	0	(-400, -450, 8, 6, [0, -360, 650, -500, 500])	125	147
284	5	18:26:50.397787	66410.397787	5.65845894814	-352.0	114.0	-160.0	-120.0	1	1	up	0	0	0	0	0	0	0	0	0	0	0	0	0	(-400, -450, 8, 6, [0, -360, 650, -500, 500])	125	147
284	5	18:26:50.422391	66410.422391	5.68306183815	-360.0	120.0	-160.0	-40.0	0	NA	NA	1	0	0	0	0	0	0	0	0	0	0	0	0	(-400, -450, 8, 6, [0, -360, 650, -500, 500])	125	148
284	5	18:26:50.538974	66410.538974	5.79964590073	-304.0	162.0	-160.0	-40.0	1	1	up	0	0	0	0	0	0	0	0	0	0	0	0	0	(-400, -450, 8, 6, [0, -360, 650, -500, 500])	125	148
284	5	18:26:50.639074	66410.639074	5.89974594116	-264.0	192.0	-160.0	40.0	1	4	left	0	0	0	0	0	0	0	0	0	0	0	0	0	(-400, -450, 8, 6, [0, -360, 650, -500, 500])	126	150
284	5	18:26:50.731013	66410.731013	5.99168491364	-232.0	216.0	-240.0	40.0	1	1	up	0	0	0	0	0	0	0	0	0	0	0	0	0	(-400, -450, 8, 6, [0, -360, 650, -500, 500])	126	153
284	5	18:26:50.784885	66410.784885	6.04554486275	-208.0	234.0	-240.0	120.0	1	4	left	0	0	0	0	0	0	0	0	0	0	0	0	0	(-400, -450, 8, 6, [0, -360, 650, -500, 500])	126	153
284	5	18:26:50.864433	66410.864433	6.12510585785	-176.0	258.0	-320.0	120.0	1	1	up	0	0	0	0	0	0	0	0	0	0	0	0	0	(-400, -450, 8, 6, [0, -360, 650, -500, 500])	126	154
284	5	18:26:50.997704	66410.997704	6.25837683678	-112.0	306.0	-320.0	200.0	1	4	left	0	0	0	0	0	0	0	0	0	0	0	0	0	(-400, -450, 8, 6, [0, -360, 650, -500, 500])	126	154
284	5	18:26:51.055660	66411.05566	6.31633281708	-88.0	324.0	-400.0	200.0	1	2	right	0	0	0	0	0	0	0	0	0	0	0	0	0	(-400, -450, 8, 6, [0, -360, 650, -500, 500])	126	155
284	5	18:26:51.081065	66411.081065	6.34173583984	-80.0	330.0	-320.0	200.0	1	1	up	0	0	0	0	0	0	0	0	0	0	0	0	0	(-400, -450, 8, 6, [0, -360, 650, -500, 500])	126	156
284	5	18:26:51.172567	66411.172567	6.43323898315	-40.0	360.0	-320.0	280.0	1	4	left	0	0	0	0	0	0	0	0	0	0	0	0	0	(-400, -450, 8, 6, [0, -360, 650, -500, 500])	126	157
284	5	18:26:51.247661	66411.247661	6.50833201408	-8.0	384.0	-400.0	280.0	1	1	up	0	0	0	0	0	0	0	0	0	0	0	0	0	(-400, -450, 8, 6, [0, -360, 650, -500, 500])	126	158
284	5	18:26:51.272591	66411.272591	6.53326296806	-8.0	384.0	-400.0	360.0	0	NA	NA	0	0	0	1	0	0	0	1	1	0	0	0	0	(-400, -450, 8, 6, [0, -360, 650, -500, 500])	126	159
284	5	18:26:51.364591	66411.364591	6.62526297569	-8.0	384.0	-400.0	360.0	1	1	NA	0	0	0	1	0	0	0	0	0	0	0	0	0	(-400, -450, 8, 6, [0, -360, 650, -500, 500])	126	160
284	5	18:26:53.247397	66413.247397	8.50806879997	NA	NA	NA	NA	NA	NA	NA	NA	NA	NA	NA	0	0	0	0	0	0	0	1	0	(-400, -450, 8, 6, [0, -360, 650, -500, 500])	129	168
284	5	18:27:03.246246	66423.246246	18.5069179535	NA	NA	NA	NA	NA	NA	NA	NA	NA	NA	NA	0	0	0	0	0	0	0	0	1	(-400, -450, 8, 6, [0, -360, 650, -500, 500])	141	186
284	6	18:27:03.266790	66423.26679	0.00355100631714	NA	NA	NA	NA	NA	NA	NA	NA	NA	NA	NA	0	0	0	0	0	1	0	0	0	(-400, -450, 6, 6, [])	141	186
284	6	18:27:07.272313	66427.272313	4.00907301903	-394.0	-444.0	0.0	-360.0	1	1,1,1,4,4,4,2,2,1,4,2,1	right	0	0	0	0	0	0	0	0	0	0	1	0	0	(-400, -450, 6, 6, [])	146	193
284	6	18:27:07.562483	66427.562483	4.29924297333	-292.0	-342.0	80.0	-360.0	1	1	up	0	0	0	0	0	0	0	0	0	0	0	0	0	(-400, -450, 6, 6, [])	147	194
284	6	18:27:07.712454	66427.712454	4.44920706749	-238.0	-288.0	80.0	-280.0	1	1	up	0	0	0	0	0	0	0	0	0	0	0	0	0	(-400, -450, 6, 6, [])	147	194
284	6	18:27:07.862422	66427.862422	4.59918284416	-184.0	-234.0	80.0	-200.0	1	1	up	0	0	0	0	0	0	0	0	0	0	0	0	0	(-400, -450, 6, 6, [])	147	194
284	6	18:27:08.022401	66428.022401	4.75915694237	-136.0	-186.0	80.0	-120.0	1	1	up	0	0	0	0	0	0	0	0	0	0	0	0	0	(-400, -450, 6, 6, [])	147	195
284	6	18:27:08.179064	66428.179064	4.91582298279	-82.0	-132.0	80.0	-40.0	1	1	up	0	0	0	0	0	0	0	0	0	0	0	0	0	(-400, -450, 6, 6, [])	147	196
284	6	18:27:08.495752	66428.495752	5.23251104355	32.0	-18.0	80.0	40.0	0	NA	NA	0	1	1	0	0	1	1	0	0	0	0	0	0	(-400, -450, 6, 6, [])	148	196
284	6	18:27:08.612324	66428.612324	5.34908390045	32.0	-18.0	80.0	40.0	1	3	NA	0	1	1	0	0	0	0	0	0	0	0	0	0	(-400, -450, 6, 6, [])	148	196
284	6	18:27:11.778688	66431.778688	8.51544904709	NA	NA	NA	NA	NA	NA	NA	NA	NA	NA	NA	0	0	0	0	0	0	0	1	0	(-400, -450, 6, 6, [])	152	199
284	6	18:27:21.777482	66441.777482	18.5142438412	NA	NA	NA	NA	NA	NA	NA	NA	NA	NA	NA	0	0	0	0	0	0	0	0	1	(-400, -450, 6, 6, [])	164	203
284	7	18:27:21.797880	66441.79788	0.00351905822754	NA	NA	NA	NA	NA	NA	NA	NA	NA	NA	NA	0	0	0	0	0	1	0	0	0	(-400, -450, -7, 6, [-575, 300])	165	203
284	7	18:27:25.810410	66445.81041	4.01604795456	-407.0	-444.0	0.0	-360.0	0	NA	NA	0	0	0	0	0	0	0	0	0	0	1	0	0	(-400, -450, -7, 6, [-575, 300])	170	212
284	7	18:27:26.210423	66446.210423	4.41606092453	-575.0	-300.0	0.0	-360.0	1	1	up	1	0	0	0	0	0	0	0	0	0	0	0	0	(-400, -450, -7, 6, [-575, 300])	170	212
284	7	18:27:26.360373	66446.360373	4.56601190567	-512.0	-246.0	0.0	-280.0	1	1	up	0	0	0	0	0	0	0	0	0	0	0	0	0	(-400, -450, -7, 6, [-575, 300])	170	212
284	7	18:27:26.655293	66446.655293	4.86092805862	-393.0	-144.0	0.0	-200.0	1	1	up	0	0	0	0	0	0	0	0	0	0	0	0	0	(-400, -450, -7, 6, [-575, 300])	171	213
284	7	18:27:26.860313	66446.860313	5.06595206261	-309.0	-72.0	0.0	-120.0	1	1	up	0	0	0	0	0	0	0	0	0	0	0	0	0	(-400, -450, -7, 6, [-575, 300])	171	214
284	7	18:27:27.043684	66447.043684	5.24932098389	-232.0	-6.0	0.0	-40.0	1	1	up	0	0	0	0	0	0	0	0	0	0	0	0	0	(-400, -450, -7, 6, [-575, 300])	171	214
284	7	18:27:27.210270	66447.21027	5.41590690613	-162.0	54.0	0.0	40.0	1	1	up	0	0	0	0	0	0	0	0	0	0	0	0	0	(-400, -450, -7, 6, [-575, 300])	171	214
284	7	18:27:27.393620	66447.39362	5.59925794601	-85.0	120.0	0.0	120.0	1	1	up	0	0	0	0	0	0	0	0	0	0	0	0	0	(-400, -450, -7, 6, [-575, 300])	172	214
284	7	18:27:27.493621	66447.493621	5.69925904274	-43.0	156.0	0.0	200.0	0	NA	NA	0	1	1	0	0	1	1	0	0	0	0	0	0	(-400, -450, -7, 6, [-575, 300])	172	214
284	7	18:27:30.309912	66450.309912	8.51554989815	NA	NA	NA	NA	NA	NA	NA	NA	NA	NA	NA	0	0	0	0	0	0	0	1	0	(-400, -450, -7, 6, [-575, 300])	175	216
284	7	18:27:40.308766	66460.308766	18.5144040585	NA	NA	NA	NA	NA	NA	NA	NA	NA	NA	NA	0	0	0	0	0	0	0	0	1	(-400, -450, -7, 6, [-575, 300])	188	218
284	8	18:27:40.328345	66460.328345	0.00248694419861	NA	NA	NA	NA	NA	NA	NA	NA	NA	NA	NA	0	0	0	0	0	1	0	0	0	(-360, -450, 9, 6, [0, -300, -150])	188	218
284	8	18:27:44.341731	66464.341731	4.0158700943	-351.0	-444.0	0.0	-360.0	0	NA	NA	0	0	0	0	0	0	0	0	0	0	1	0	0	(-360, -450, 9, 6, [0, -300, -150])	193	221
284	8	18:27:44.758343	66464.758343	4.43248295784	-126.0	-294.0	0.0	-360.0	1	1	up	0	0	0	0	0	0	0	0	0	0	0	0	0	(-360, -450, 9, 6, [0, -300, -150])	193	221
284	8	18:27:44.958367	66464.958367	4.6325070858	-18.0	-222.0	0.0	-280.0	1	1	up	0	1	1	0	0	1	1	0	0	0	0	0	0	(-360, -450, 9, 6, [0, -300, -150])	193	221
284	8	18:27:45.124897	66465.124897	4.79903697968	-18.0	-222.0	0.0	-200.0	1	1	NA	0	1	1	0	0	0	0	0	0	0	0	0	0	(-360, -450, 9, 6, [0, -300, -150])	194	222
284	8	18:27:48.841138	66468.841138	8.51527810097	NA	NA	NA	NA	NA	NA	NA	NA	NA	NA	NA	0	0	0	0	0	0	0	1	0	(-360, -450, 9, 6, [0, -300, -150])	198	222
284	8	18:27:58.840057	66478.840057	18.5141971111	NA	NA	NA	NA	NA	NA	NA	NA	NA	NA	NA	0	0	0	0	0	0	0	0	1	(-360, -450, 9, 6, [0, -300, -150])	211	225
284	9	18:27:58.860535	66478.860535	0.00349497795105	NA	NA	NA	NA	NA	NA	NA	NA	NA	NA	NA	0	0	0	0	0	1	0	0	0	(-360, -450, 6, 6, [-75, -150, 150, -290])	211	225
284	9	18:28:02.873149	66482.873149	4.01610898972	-354.0	-444.0	0.0	-360.0	1	1,1	up	0	0	0	0	0	0	0	0	0	0	1	0	0	(-360, -450, 6, 6, [-75, -150, 150, -290])	216	230
284	9	18:28:03.189573	66483.189573	4.33253383636	-240.0	-330.0	0.0	-280.0	1	1	up	0	0	0	0	0	0	0	0	0	0	0	0	0	(-360, -450, 6, 6, [-75, -150, 150, -290])	216	230
284	9	18:28:03.356274	66483.356274	4.49923491478	-180.0	-270.0	0.0	-200.0	1	1	up	0	0	0	0	0	0	0	0	0	0	0	0	0	(-360, -450, 6, 6, [-75, -150, 150, -290])	216	230
284	9	18:28:03.639516	66483.639516	4.78247594833	-78.0	-168.0	0.0	-120.0	0	NA	NA	1	0	0	0	0	0	0	0	0	0	0	0	0	(-360, -450, 6, 6, [-75, -150, 150, -290])	217	230
284	9	18:28:03.839551	66483.839551	4.98250985146	-150.0	-96.0	0.0	-120.0	0	NA	NA	1	0	0	0	0	0	0	0	0	0	0	0	0	(-360, -450, 6, 6, [-75, -150, 150, -290])	217	230
284	9	18:28:03.973113	66483.973113	5.11607289314	-102.0	-48.0	0.0	-120.0	1	1	up	0	0	0	0	0	0	0	0	0	0	0	0	0	(-360, -450, 6, 6, [-75, -150, 150, -290])	217	230
284	9	18:28:04.173097	66484.173097	5.31605696678	-30.0	24.0	0.0	-40.0	1	1	up	0	1	1	0	0	1	1	0	0	0	0	0	0	(-360, -450, 6, 6, [-75, -150, 150, -290])	217	230
284	9	18:28:04.339452	66484.339452	5.48241090775	-30.0	24.0	0.0	40.0	1	1	NA	0	1	1	0	0	0	0	0	0	0	0	0	0	(-360, -450, 6, 6, [-75, -150, 150, -290])	218	230
284	9	18:28:07.372381	66487.372381	8.51534199715	NA	NA	NA	NA	NA	NA	NA	NA	NA	NA	NA	0	0	0	0	0	0	0	1	0	(-360, -450, 6, 6, [-75, -150, 150, -290])	221	230
284	9	18:28:17.371373	66497.371373	18.5143318176	NA	NA	NA	NA	NA	NA	NA	NA	NA	NA	NA	0	0	0	0	0	0	0	0	1	(-360, -450, 6, 6, [-75, -150, 150, -290])	234	232
284	10	18:28:17.394168	66497.394168	0.00599193572998	NA	NA	NA	NA	NA	NA	NA	NA	NA	NA	NA	0	0	0	0	0	1	0	0	0	(-360, -450, 3, 6, [-75])	234	232
284	10	18:28:21.404218	66501.404218	4.01604199409	-357.0	-444.0	0.0	-360.0	0	NA	NA	0	0	0	0	0	0	0	0	0	0	1	0	0	(-360, -450, 3, 6, [-75])	239	234
284	10	18:28:21.954185	66501.954185	4.56600999832	-258.0	-246.0	0.0	-360.0	1	1	up	0	0	0	0	0	0	0	0	0	0	0	0	0	(-360, -450, 3, 6, [-75])	240	234
284	10	18:28:22.137457	66502.137457	4.74928307533	-225.0	-180.0	0.0	-280.0	1	1	up	0	0	0	0	0	0	0	0	0	0	0	0	0	(-360, -450, 3, 6, [-75])	240	234
284	10	18:28:22.304253	66502.304253	4.91607809067	-195.0	-120.0	0.0	-200.0	1	1	up	0	0	0	0	0	0	0	0	0	0	0	0	0	(-360, -450, 3, 6, [-75])	240	234
284	10	18:28:22.520990	66502.52099	5.13281607628	-156.0	-42.0	0.0	-120.0	1	1	up	0	0	0	0	0	0	0	0	0	0	0	0	0	(-360, -450, 3, 6, [-75])	240	234
284	10	18:28:22.737602	66502.737602	5.34942698479	-117.0	36.0	0.0	-40.0	1	1	up	0	0	0	0	0	0	0	0	0	0	0	0	0	(-360, -450, 3, 6, [-75])	241	234
284	10	18:28:22.937606	66502.937606	5.54943013191	-81.0	108.0	0.0	40.0	1	1	up	0	0	0	0	0	0	0	0	0	0	0	0	0	(-360, -450, 3, 6, [-75])	241	234
284	10	18:28:22.954214	66502.954214	5.56603908539	-78.0	114.0	0.0	120.0	0	NA	NA	1	0	0	0	0	0	0	0	0	0	0	0	0	(-360, -450, 3, 6, [-75])	241	234
284	10	18:28:23.104244	66503.104244	5.7160680294	-105.0	168.0	0.0	120.0	1	4	left	0	0	0	0	0	0	0	0	0	0	0	0	0	(-360, -450, 3, 6, [-75])	241	234
284	10	18:28:23.204245	66503.204245	5.81606793404	-123.0	204.0	-80.0	120.0	1	1	up	0	0	0	0	0	0	0	0	0	0	0	0	0	(-360, -450, 3, 6, [-75])	241	234
284	10	18:28:23.437482	66503.437482	6.04930710793	-162.0	282.0	-80.0	200.0	1	4	left	0	0	0	0	0	0	0	0	0	0	0	0	0	(-360, -450, 3, 6, [-75])	242	236
284	10	18:28:23.620876	66503.620876	6.23270106316	-195.0	348.0	-160.0	200.0	1	4	left	0	0	0	0	0	0	0	0	0	0	0	0	0	(-360, -450, 3, 6, [-75])	242	236
284	10	18:28:23.720837	66503.720837	6.33266210556	-213.0	384.0	-240.0	200.0	1	1	up	0	0	0	0	0	0	0	0	0	0	0	0	0	(-360, -450, 3, 6, [-75])	242	236
284	10	18:28:23.737497	66503.737497	6.34932112694	-213.0	384.0	-240.0	280.0	0	NA	NA	0	0	0	1	0	0	0	1	1	0	0	0	0	(-360, -450, 3, 6, [-75])	242	236
284	10	18:28:23.820864	66503.820864	6.43268895149	-213.0	384.0	-240.0	280.0	1	4	left	0	0	0	1	0	0	0	0	0	0	0	0	0	(-360, -450, 3, 6, [-75])	242	236
284	10	18:28:25.904274	66505.904274	8.51609897614	NA	NA	NA	NA	NA	NA	NA	NA	NA	NA	NA	0	0	0	0	0	0	0	1	0	(-360, -450, 3, 6, [-75])	245	240
284	10	18:28:35.904275	66515.904275	18.5160989761	NA	NA	NA	NA	NA	NA	NA	NA	NA	NA	NA	0	0	0	0	0	0	0	0	1	(-360, -450, 3, 6, [-75])	257	245
284	11	18:28:35.925335	66515.925335	0.00402808189392	NA	NA	NA	NA	NA	NA	NA	NA	NA	NA	NA	0	0	0	0	0	1	0	0	0	(-350, -450, -1, 6, [])	257	245
284	11	18:28:39.937522	66519.937522	4.01621294022	-351.0	-444.0	0.0	-360.0	0	NA	NA	0	0	0	0	0	0	0	0	0	0	1	0	0	(-350, -450, -1, 6, [])	262	249
284	11	18:28:40.354227	66520.354227	4.43291902542	-376.0	-294.0	0.0	-360.0	1	1	up	0	0	0	0	0	0	0	0	0	0	0	0	0	(-350, -450, -1, 6, [])	263	249
284	11	18:28:40.421096	66520.421096	4.49978804588	-380.0	-270.0	0.0	-280.0	1	4	left	0	0	0	0	0	0	0	0	0	0	0	0	0	(-350, -450, -1, 6, [])	263	249
284	11	18:28:40.554193	66520.554193	4.63288497925	-388.0	-222.0	-80.0	-280.0	1	1	up	0	0	0	0	0	0	0	0	0	0	0	0	0	(-350, -450, -1, 6, [])	263	249
284	11	18:28:40.637488	66520.637488	4.71618103981	-392.0	-198.0	-80.0	-200.0	1	4	left	0	0	0	0	0	0	0	0	0	0	0	0	0	(-350, -450, -1, 6, [])	263	250
284	11	18:28:40.737495	66520.737495	4.81618690491	-398.0	-162.0	-160.0	-200.0	1	1	up	0	0	0	0	0	0	0	0	0	0	0	0	0	(-350, -450, -1, 6, [])	263	250
284	11	18:28:40.804231	66520.804231	4.88292312622	-402.0	-138.0	-160.0	-120.0	1	4	left	0	0	0	0	0	0	0	0	0	0	0	0	0	(-350, -450, -1, 6, [])	263	250
284	11	18:28:40.954138	66520.954138	5.0328309536	-411.0	-84.0	-240.0	-120.0	1	4	left	0	0	0	0	0	0	0	0	0	0	0	0	0	(-350, -450, -1, 6, [])	263	250
284	11	18:28:41.037538	66521.037538	5.11622905731	-416.0	-54.0	-320.0	-120.0	1	1	up	0	0	0	0	0	0	0	0	0	0	0	0	0	(-350, -450, -1, 6, [])	264	250
284	11	18:28:41.121104	66521.121104	5.19979596138	-421.0	-24.0	-320.0	-40.0	1	4	left	0	0	0	0	0	0	0	0	0	0	0	0	0	(-350, -450, -1, 6, [])	264	250
284	11	18:28:41.204300	66521.2043	5.28299212456	-426.0	6.0	-400.0	-40.0	1	1	up	0	1	1	0	0	1	1	0	0	0	0	0	0	(-350, -450, -1, 6, [])	264	250
284	11	18:28:41.304110	66521.30411	5.38280296326	-426.0	6.0	-400.0	40.0	1	4	NA	0	1	1	0	0	0	0	0	0	0	0	0	0	(-350, -450, -1, 6, [])	264	250
284	11	18:28:41.387481	66521.387481	5.46617102623	-426.0	6.0	-400.0	40.0	1	1	NA	0	1	1	0	0	0	0	0	0	0	0	0	0	(-350, -450, -1, 6, [])	264	250
284	11	18:28:41.471054	66521.471054	5.5497469902	-426.0	6.0	-400.0	40.0	1	4	NA	0	1	1	0	0	0	0	0	0	0	0	0	0	(-350, -450, -1, 6, [])	264	250
284	11	18:28:44.437408	66524.437408	8.51609992981	NA	NA	NA	NA	NA	NA	NA	NA	NA	NA	NA	0	0	0	0	0	0	0	1	0	(-350, -450, -1, 6, [])	268	256
284	11	18:28:54.437299	66534.437299	18.5159909725	NA	NA	NA	NA	NA	NA	NA	NA	NA	NA	NA	0	0	0	0	0	0	0	0	1	(-350, -450, -1, 6, [])	280	259
284	12	18:28:54.458811	66534.458811	0.00455594062805	NA	NA	NA	NA	NA	NA	NA	NA	NA	NA	NA	0	0	0	0	0	1	0	0	0	(-300, -450, 7, 6, [576, 432])	280	259
284	12	18:28:58.470823	66538.470823	4.01656699181	-293.0	-444.0	0.0	-360.0	0	NA	NA	0	0	0	0	0	0	0	0	0	0	1	0	0	(-300, -450, 7, 6, [576, 432])	285	261
284	12	18:28:58.587326	66538.587326	4.13306999207	-244.0	-402.0	0.0	-360.0	1	1	up	0	0	0	0	0	0	0	0	0	0	0	0	0	(-300, -450, 7, 6, [576, 432])	286	261
284	12	18:28:58.737326	66538.737326	4.28306889534	-188.0	-354.0	0.0	-280.0	1	4	left	0	0	0	0	0	0	0	0	0	0	0	0	0	(-300, -450, 7, 6, [576, 432])	286	263
284	12	18:28:58.853926	66538.853926	4.39966988564	-139.0	-312.0	-80.0	-280.0	1	1	up	0	0	0	0	0	0	0	0	0	0	0	0	0	(-300, -450, 7, 6, [576, 432])	286	263
284	12	18:28:58.937289	66538.937289	4.48303198814	-104.0	-282.0	-80.0	-200.0	1	4	left	0	0	0	0	0	0	0	0	0	0	0	0	0	(-300, -450, 7, 6, [576, 432])	286	263
284	12	18:28:59.220576	66539.220576	4.76632094383	15.0	-180.0	-160.0	-200.0	1	2	right	0	0	0	0	0	0	0	0	0	0	0	0	0	(-300, -450, 7, 6, [576, 432])	286	263
284	12	18:28:59.403912	66539.403912	4.94965600967	92.0	-114.0	-80.0	-200.0	1	1	up	0	0	0	0	0	0	0	0	0	0	0	0	0	(-300, -450, 7, 6, [576, 432])	287	263
284	12	18:28:59.587301	66539.587301	5.13304495811	169.0	-48.0	-80.0	-120.0	1	2	right	0	0	0	0	0	0	0	0	0	0	0	0	0	(-300, -450, 7, 6, [576, 432])	287	263
284	12	18:28:59.620832	66539.620832	5.16657590866	183.0	-36.0	0.0	-120.0	1	1	up	0	0	0	0	0	0	0	0	0	0	0	0	0	(-300, -450, 7, 6, [576, 432])	287	263
284	12	18:28:59.787312	66539.787312	5.3330450058	253.0	24.0	0.0	-40.0	1	2,1	right	0	0	0	0	0	0	0	0	0	0	0	0	0	(-300, -450, 7, 6, [576, 432])	287	263
284	12	18:28:59.970717	66539.970717	5.51644897461	323.0	84.0	80.0	-40.0	1	2,1	right	0	0	0	0	0	0	0	0	0	0	0	0	0	(-300, -450, 7, 6, [576, 432])	287	265
284	12	18:29:00.153940	66540.15394	5.69968509674	400.0	150.0	160.0	-40.0	1	1,2	right	0	0	0	0	0	0	0	0	0	0	0	0	0	(-300, -450, 7, 6, [576, 432])	287	265
284	12	18:29:00.321417	66540.321417	5.8671579361	470.0	210.0	240.0	-40.0	1	2,1	right	0	0	0	0	0	0	0	0	0	0	0	0	0	(-300, -450, 7, 6, [576, 432])	288	265
284	12	18:29:00.520578	66540.520578	6.06632304192	547.0	276.0	320.0	-40.0	1	1,2	right	0	0	0	0	0	0	0	0	0	0	0	0	0	(-300, -450, 7, 6, [576, 432])	288	267
284	12	18:29:00.587305	66540.587305	6.13304805756	575.0	300.0	400.0	-40.0	0	NA	NA	1	0	0	0	0	0	0	0	0	0	0	0	0	(-300, -450, 7, 6, [576, 432])	288	267
284	12	18:29:00.787291	66540.787291	6.33303499222	491.0	372.0	400.0	-40.0	1	1	up	0	0	0	0	0	0	0	0	0	0	0	0	0	(-300, -450, 7, 6, [576, 432])	288	267
284	12	18:29:00.803900	66540.8039	6.34964489937	484.0	378.0	400.0	40.0	1	2	right	0	0	0	0	0	0	0	0	0	0	0	0	0	(-300, -450, 7, 6, [576, 432])	288	267
284	12	18:29:00.837293	66540.837293	6.38303589821	477.0	384.0	480.0	40.0	0	NA	NA	0	0	0	1	0	0	0	1	1	0	0	0	0	(-300, -450, 7, 6, [576, 432])	288	267
284	12	18:29:02.970543	66542.970543	8.51628804207	NA	NA	NA	NA	NA	NA	NA	NA	NA	NA	NA	0	0	0	0	0	0	0	1	0	(-300, -450, 7, 6, [576, 432])	291	269
284	12	18:29:12.970606	66552.970606	18.5163509846	NA	NA	NA	NA	NA	NA	NA	NA	NA	NA	NA	0	0	0	0	0	0	0	0	1	(-300, -450, 7, 6, [576, 432])	303	288
284	13	18:29:12.992630	66552.99263	0.00493597984314	NA	NA	NA	NA	NA	NA	NA	NA	NA	NA	NA	0	0	0	0	0	1	0	0	0	(-275, -450, 7, 6, [0, -575, -300])	303	288
284	13	18:29:17.003983	66557.003983	4.01628708839	-268.0	-444.0	0.0	-360.0	0	NA	NA	0	0	0	0	0	0	0	0	0	0	1	0	0	(-275, -450, 7, 6, [0, -575, -300])	309	297
284	13	18:29:17.437082	66557.437082	4.44938611984	-93.0	-294.0	0.0	-360.0	1	1	up	0	0	0	0	0	0	0	0	0	0	0	0	0	(-275, -450, 7, 6, [0, -575, -300])	309	299
284	13	18:29:17.520620	66557.52062	4.53292512894	-58.0	-264.0	0.0	-280.0	1	4	left	0	1	1	0	0	1	1	0	0	0	0	0	0	(-275, -450, 7, 6, [0, -575, -300])	309	299
284	13	18:29:17.603668	66557.603668	4.61597299576	-58.0	-264.0	-80.0	-280.0	1	1	NA	0	1	1	0	0	0	0	0	0	0	0	0	0	(-275, -450, 7, 6, [0, -575, -300])	309	301
284	13	18:29:17.723884	66557.723884	4.73618102074	-58.0	-264.0	-80.0	-280.0	1	4	NA	0	1	1	0	0	0	0	0	0	0	0	0	0	(-275, -450, 7, 6, [0, -575, -300])	309	302
284	13	18:29:17.853626	66557.853626	4.86593103409	-58.0	-264.0	-80.0	-280.0	1	2,1	NA	0	1	1	0	0	0	0	0	0	0	0	0	0	(-275, -450, 7, 6, [0, -575, -300])	310	303
284	13	18:29:21.497468	66561.497468	8.50977301598	NA	NA	NA	NA	NA	NA	NA	NA	NA	NA	NA	0	0	0	0	0	0	0	1	0	(-275, -450, 7, 6, [0, -575, -300])	314	313
284	13	18:29:31.503465	66571.503465	18.5157680511	NA	NA	NA	NA	NA	NA	NA	NA	NA	NA	NA	0	0	0	0	0	0	0	0	1	(-275, -450, 7, 6, [0, -575, -300])	327	327
284	14	18:29:31.524315	66571.524315	0.00374412536621	NA	NA	NA	NA	NA	NA	NA	NA	NA	NA	NA	0	0	0	0	0	1	0	0	0	(-350, -450, 8, 6, [-200, -300])	327	327
284	14	18:29:35.536768	66575.536768	4.01619505882	-342.0	-444.0	0.0	-360.0	0	NA	NA	0	0	0	0	0	0	0	0	0	0	1	0	0	(-350, -450, 8, 6, [-200, -300])	332	336
284	14	18:29:35.836787	66575.836787	4.31621408463	-198.0	-336.0	0.0	-360.0	0	NA	NA	1	0	0	0	0	0	0	0	0	0	0	0	0	(-350, -450, 8, 6, [-200, -300])	332	336
284	14	18:29:35.962598	66575.962598	4.44202804565	-254.0	-294.0	0.0	-360.0	1	1	up	0	0	0	0	0	0	0	0	0	0	0	0	0	(-350, -450, 8, 6, [-200, -300])	332	337
284	14	18:29:36.036774	66576.036774	4.51620316505	-286.0	-270.0	0.0	-280.0	1	4	left	0	0	0	0	0	0	0	0	0	0	0	0	0	(-350, -450, 8, 6, [-200, -300])	332	338
284	14	18:29:36.079471	66576.079471	4.55890011787	-302.0	-258.0	-80.0	-280.0	0	NA	NA	1	0	0	0	0	0	0	0	0	0	0	0	0	(-350, -450, 8, 6, [-200, -300])	332	339
284	14	18:29:36.145913	66576.145913	4.62534117699	-270.0	-234.0	-80.0	-280.0	1	1	up	0	0	0	0	0	0	0	0	0	0	0	0	0	(-350, -450, 8, 6, [-200, -300])	332	339
284	14	18:29:36.229189	66576.229189	4.70861721039	-238.0	-210.0	-80.0	-200.0	1	4	left	0	0	0	0	0	0	0	0	0	0	0	0	0	(-350, -450, 8, 6, [-200, -300])	333	341
284	14	18:29:36.329271	66576.329271	4.80870103836	-198.0	-180.0	-160.0	-200.0	1	1	up	0	1	1	0	0	1	1	0	0	0	0	0	0	(-350, -450, 8, 6, [-200, -300])	333	343
284	14	18:29:36.420299	66576.420299	4.89972710609	-198.0	-180.0	-160.0	-120.0	1	4	NA	0	1	1	0	0	0	0	0	0	0	0	0	0	(-350, -450, 8, 6, [-200, -300])	333	344
284	14	18:29:36.595794	66576.595794	5.07522201538	-198.0	-180.0	-160.0	-120.0	1	4	NA	0	1	1	0	0	0	0	0	0	0	0	0	0	(-350, -450, 8, 6, [-200, -300])	333	345
284	14	18:29:40.028717	66580.028717	8.50814509392	NA	NA	NA	NA	NA	NA	NA	NA	NA	NA	NA	0	0	0	0	0	0	0	1	0	(-350, -450, 8, 6, [-200, -300])	337	358
284	14	18:29:50.036594	66590.036594	18.5160210133	NA	NA	NA	NA	NA	NA	NA	NA	NA	NA	NA	0	0	0	0	0	0	0	0	1	(-350, -450, 8, 6, [-200, -300])	350	382
284	15	18:29:50.058117	66590.058117	0.00439810752869	NA	NA	NA	NA	NA	NA	NA	NA	NA	NA	NA	0	0	0	0	0	1	0	0	0	(-225, -450, 7, 6, [-144, -504, 216])	350	382
284	15	18:29:54.060493	66594.060493	4.006772995	-218.0	-444.0	0.0	-360.0	0	NA	NA	0	0	0	0	0	0	0	0	0	0	1	0	0	(-225, -450, 7, 6, [-144, -504, 216])	355	395
284	15	18:29:54.227443	66594.227443	4.1737241745	-148.0	-384.0	0.0	-360.0	0	NA	NA	1	0	0	0	0	0	0	0	0	0	0	0	0	(-225, -450, 7, 6, [-144, -504, 216])	355	395
284	15	18:29:54.560507	66594.560507	4.50678801537	-288.0	-264.0	0.0	-360.0	1	1	up	0	0	0	0	0	0	0	0	0	0	0	0	0	(-225, -450, 7, 6, [-144, -504, 216])	355	395
284	15	18:29:54.656197	66594.656197	4.60246396065	-323.0	-234.0	0.0	-280.0	1	2	right	0	0	0	0	0	0	0	0	0	0	0	0	0	(-225, -450, 7, 6, [-144, -504, 216])	356	396
284	15	18:29:54.777746	66594.777746	4.72401213646	-365.0	-198.0	80.0	-280.0	1	1	up	0	0	0	0	0	0	0	0	0	0	0	0	0	(-225, -450, 7, 6, [-144, -504, 216])	356	398
284	15	18:29:54.860438	66594.860438	4.80671906471	-400.0	-168.0	80.0	-200.0	1	2	right	0	0	0	0	0	0	0	0	0	0	0	0	0	(-225, -450, 7, 6, [-144, -504, 216])	356	398
284	15	18:29:55.103181	66595.103181	5.04946112633	-498.0	-84.0	160.0	-200.0	1	1	up	0	0	0	0	0	0	0	0	0	0	0	0	0	(-225, -450, 7, 6, [-144, -504, 216])	356	399
284	15	18:29:55.127332	66595.127332	5.07361197472	-505.0	-78.0	160.0	-120.0	0	NA	NA	1	0	0	0	0	0	0	0	0	0	0	0	0	(-225, -450, 7, 6, [-144, -504, 216])	356	400
284	15	18:29:55.420108	66595.420108	5.3663880825	-386.0	24.0	160.0	-120.0	1	4	left	0	0	0	0	0	0	0	0	0	0	0	0	0	(-225, -450, 7, 6, [-144, -504, 216])	357	401
284	15	18:29:55.527289	66595.527289	5.47357010841	-344.0	60.0	80.0	-120.0	1	1	up	0	0	0	0	0	0	0	0	0	0	0	0	0	(-225, -450, 7, 6, [-144, -504, 216])	357	402
284	15	18:29:55.610347	66595.610347	5.55662798882	-309.0	90.0	80.0	-40.0	1	4	left	0	0	0	0	0	0	0	0	0	0	0	0	0	(-225, -450, 7, 6, [-144, -504, 216])	357	402
284	15	18:29:55.727254	66595.727254	5.67353415489	-260.0	132.0	0.0	-40.0	1	1	up	0	0	0	0	0	0	0	0	0	0	0	0	0	(-225, -450, 7, 6, [-144, -504, 216])	357	402
284	15	18:29:55.810375	66595.810375	5.75665307045	-225.0	162.0	0.0	40.0	1	4	left	0	0	0	0	0	0	0	0	0	0	0	0	0	(-225, -450, 7, 6, [-144, -504, 216])	357	402
284	15	18:29:55.903703	66595.903703	5.84997701645	-190.0	192.0	-80.0	40.0	1	1	up	0	0	0	0	0	0	0	0	0	0	0	0	0	(-225, -450, 7, 6, [-144, -504, 216])	357	403
284	15	18:29:56.127289	66596.127289	6.07356905937	-99.0	270.0	-80.0	120.0	1	4	left	0	0	0	0	0	0	0	0	0	0	0	0	0	(-225, -450, 7, 6, [-144, -504, 216])	357	404
284	15	18:29:56.386582	66596.386582	6.33286094666	6.0	360.0	-160.0	120.0	1	4	left	0	0	0	0	0	0	0	0	0	0	0	0	0	(-225, -450, 7, 6, [-144, -504, 216])	358	405
284	15	18:29:56.477209	66596.477209	6.42349004745	34.0	384.0	-240.0	120.0	0	NA	NA	0	0	0	1	0	0	0	1	1	0	0	0	0	(-225, -450, 7, 6, [-144, -504, 216])	358	406
284	15	18:29:58.560023	66598.560023	8.50630307198	NA	NA	NA	NA	NA	NA	NA	NA	NA	NA	NA	0	0	0	0	0	0	0	1	0	(-225, -450, 7, 6, [-144, -504, 216])	360	420
284	15	18:30:08.558954	66608.558954	18.5052330494	NA	NA	NA	NA	NA	NA	NA	NA	NA	NA	NA	0	0	0	0	0	0	0	0	1	(-225, -450, 7, 6, [-144, -504, 216])	373	426
284	16	18:31:48.374002	66708.374002	0.00433421134949	NA	NA	NA	NA	NA	NA	NA	NA	NA	NA	NA	0	0	0	0	0	1	0	0	0	(-150, -450, 0, 6, [])	399	470
284	16	18:31:52.384944	66712.384944	4.01527404785	-150.0	-444.0	0.0	-360.0	0	NA	NA	0	0	0	0	0	0	0	0	0	0	1	0	0	(-150, -450, 0, 6, [])	404	482
284	16	18:31:52.801595	66712.801595	4.43192601204	-150.0	-300.0	0.0	-360.0	1	1	up	0	0	0	0	0	0	0	0	0	0	0	0	0	(-150, -450, 0, 6, [])	404	484
284	16	18:31:52.918312	66712.918312	4.54864406586	-150.0	-264.0	0.0	-280.0	1	4	left	0	0	0	0	0	0	0	0	0	0	0	0	0	(-150, -450, 0, 6, [])	404	486
284	16	18:31:52.984932	66712.984932	4.61526298523	-150.0	-240.0	-80.0	-280.0	1	1	up	0	0	0	0	0	0	0	0	0	0	0	0	0	(-150, -450, 0, 6, [])	404	486
284	16	18:31:53.068449	66713.068449	4.69878101349	-150.0	-210.0	-80.0	-200.0	1	4	left	0	1	1	0	0	1	1	0	0	0	0	0	0	(-150, -450, 0, 6, [])	404	486
284	16	18:31:53.184945	66713.184945	4.81527519226	-150.0	-210.0	-160.0	-200.0	1	1	NA	0	1	1	0	0	0	0	0	0	0	0	0	0	(-150, -450, 0, 6, [])	405	486
284	16	18:31:53.235321	66713.235321	4.86565113068	-150.0	-210.0	-160.0	-200.0	1	4	NA	0	1	1	0	0	0	0	0	0	0	0	0	0	(-150, -450, 0, 6, [])	405	486
284	16	18:31:56.884861	66716.884861	8.51519203186	NA	NA	NA	NA	NA	NA	NA	NA	NA	NA	NA	0	0	0	0	0	0	0	1	0	(-150, -450, 0, 6, [])	409	495
284	16	18:32:06.884907	66726.884907	18.5152361393	NA	NA	NA	NA	NA	NA	NA	NA	NA	NA	NA	0	0	0	0	0	0	0	0	1	(-150, -450, 0, 6, [])	422	511
284	17	18:32:06.905998	66726.905998	0.00439190864563	NA	NA	NA	NA	NA	NA	NA	NA	NA	NA	NA	0	0	0	0	0	1	0	0	0	(425, -450, -3, 6, [300])	422	511
284	17	18:32:10.918240	66730.91824	4.01663303375	422.0	-444.0	0.0	-360.0	0	NA	NA	0	0	0	0	0	0	0	0	0	0	1	0	0	(425, -450, -3, 6, [300])	427	515
284	17	18:32:11.317986	66731.317986	4.41637897491	350.0	-300.0	0.0	-360.0	1	2	right	0	0	0	0	0	0	0	0	0	0	0	0	0	(425, -450, -3, 6, [300])	427	515
284	17	18:32:11.495177	66731.495177	4.59357094765	320.0	-240.0	80.0	-360.0	1	1,2	right	0	0	0	0	0	0	0	0	0	0	0	0	0	(425, -450, -3, 6, [300])	427	516
284	17	18:32:11.584887	66731.584887	4.68327999115	305.0	-210.0	160.0	-360.0	0	NA	NA	1	0	0	0	0	0	0	0	0	0	0	0	0	(425, -450, -3, 6, [300])	428	517
284	17	18:32:11.667981	66731.667981	4.76637506485	320.0	-180.0	160.0	-360.0	1	1,2	right	0	0	0	0	0	0	0	0	0	0	0	0	0	(425, -450, -3, 6, [300])	428	517
284	17	18:32:11.868212	66731.868212	4.96660494804	353.0	-114.0	240.0	-360.0	1	1,2	right	0	0	0	0	0	0	0	0	0	0	0	0	0	(425, -450, -3, 6, [300])	428	518
284	17	18:32:12.018245	66732.018245	5.11663794518	380.0	-60.0	320.0	-360.0	1	1,2	right	0	0	0	0	0	0	0	0	0	0	0	0	0	(425, -450, -3, 6, [300])	428	518
284	17	18:32:12.418263	66732.418263	5.51665592194	452.0	84.0	400.0	-360.0	1	1	up	0	0	0	0	0	0	0	0	0	0	0	0	0	(425, -450, -3, 6, [300])	429	518
284	17	18:32:12.584718	66732.584718	5.68311095238	479.0	138.0	400.0	-280.0	1	1	up	0	0	0	0	0	0	0	0	0	0	0	0	0	(425, -450, -3, 6, [300])	429	520
284	17	18:32:12.761794	66732.761794	5.86018610001	506.0	192.0	400.0	-200.0	1	1	up	0	0	0	0	0	0	0	0	0	0	0	0	0	(425, -450, -3, 6, [300])	429	523
284	17	18:32:12.918244	66732.918244	6.01663804054	533.0	246.0	400.0	-120.0	1	1	up	0	0	0	0	0	0	0	0	0	0	0	0	0	(425, -450, -3, 6, [300])	429	524
284	17	18:32:13.334880	66733.33488	6.43327212334	602.0	384.0	400.0	-40.0	0	NA	NA	0	0	0	1	0	0	0	1	1	0	0	0	0	(425, -450, -3, 6, [300])	430	526
284	17	18:32:15.418194	66735.418194	8.51658797264	NA	NA	NA	NA	NA	NA	NA	NA	NA	NA	NA	0	0	0	0	0	0	0	1	0	(425, -450, -3, 6, [300])	432	541
284	17	18:32:25.418109	66745.418109	18.5165030956	NA	NA	NA	NA	NA	NA	NA	NA	NA	NA	NA	0	0	0	0	0	0	0	0	1	(425, -450, -3, 6, [300])	445	564
284	18	18:32:25.440301	66745.440301	0.00543093681335	NA	NA	NA	NA	NA	NA	NA	NA	NA	NA	NA	0	0	0	0	0	1	0	0	0	(200, -450, -7, 6, [50, 600])	445	564
284	18	18:32:29.451152	66749.451152	4.0162820816	193.0	-444.0	0.0	-360.0	0	NA	NA	0	0	0	0	0	0	0	0	0	0	1	0	0	(200, -450, -7, 6, [50, 600])	450	574
284	18	18:32:29.784525	66749.784525	4.34965610504	53.0	-324.0	0.0	-360.0	0	NA	NA	1	0	0	0	0	0	0	0	0	0	0	0	0	(200, -450, -7, 6, [50, 600])	450	574
284	18	18:32:29.817774	66749.817774	4.38290500641	67.0	-312.0	0.0	-360.0	1	1	up	0	0	0	0	0	0	0	0	0	0	0	0	0	(200, -450, -7, 6, [50, 600])	450	574
284	18	18:32:29.959796	66749.959796	4.52492594719	116.0	-270.0	0.0	-280.0	1	2	right	0	0	0	0	0	0	0	0	0	0	0	0	0	(200, -450, -7, 6, [50, 600])	451	577
284	18	18:32:30.009797	66750.009797	4.57492804527	137.0	-252.0	80.0	-280.0	1	1	up	0	0	0	0	0	0	0	0	0	0	0	0	0	(200, -450, -7, 6, [50, 600])	451	577
284	18	18:32:30.068046	66750.068046	4.63317513466	158.0	-234.0	80.0	-200.0	1	2	right	0	1	1	0	0	1	1	0	0	0	0	0	0	(200, -450, -7, 6, [50, 600])	451	578
284	18	18:32:30.193092	66750.193092	4.75822114944	158.0	-234.0	160.0	-200.0	1	1	NA	0	1	1	0	0	0	0	0	0	0	0	0	0	(200, -450, -7, 6, [50, 600])	451	579
284	18	18:32:30.351076	66750.351076	4.91620612144	158.0	-234.0	160.0	-200.0	1	2	NA	0	1	1	0	0	0	0	0	0	0	0	0	0	(200, -450, -7, 6, [50, 600])	451	580
284	18	18:32:30.426592	66750.426592	4.99172210693	158.0	-234.0	160.0	-200.0	1	1	NA	0	1	1	0	0	0	0	0	0	0	0	0	0	(200, -450, -7, 6, [50, 600])	451	581
284	18	18:32:33.942659	66753.942659	8.50778794289	NA	NA	NA	NA	NA	NA	NA	NA	NA	NA	NA	0	0	0	0	0	0	0	1	0	(200, -450, -7, 6, [50, 600])	456	594
284	18	18:32:43.950909	66763.950909	18.516037941	NA	NA	NA	NA	NA	NA	NA	NA	NA	NA	NA	0	0	0	0	0	0	0	0	1	(200, -450, -7, 6, [50, 600])	468	616
284	19	18:32:43.972416	66763.972416	0.00434398651123	NA	NA	NA	NA	NA	NA	NA	NA	NA	NA	NA	0	0	0	0	0	1	0	0	0	(225, -450, -9, 6, [0, 580, -215, 215, -500, 575])	468	616
284	19	18:32:47.984385	66767.984385	4.01631188393	216.0	-444.0	0.0	-360.0	0	NA	NA	0	0	0	0	0	0	0	0	0	0	1	0	0	(225, -450, -9, 6, [0, 580, -215, 215, -500, 575])	473	624
284	19	18:32:48.074718	66768.074718	4.10664391518	171.0	-414.0	0.0	-360.0	1	2	right	0	0	0	0	0	0	0	0	0	0	0	0	0	(225, -450, -9, 6, [0, 580, -215, 215, -500, 575])	473	625
284	19	18:32:48.173274	66768.173274	4.20519089699	126.0	-384.0	80.0	-360.0	1	1	up	0	0	0	0	0	0	0	0	0	0	0	0	0	(225, -450, -9, 6, [0, 580, -215, 215, -500, 575])	473	627
284	19	18:32:48.250838	66768.250838	4.28276586533	90.0	-360.0	80.0	-280.0	0	NA	NA	0	1	1	0	0	1	1	0	0	0	0	0	0	(225, -450, -9, 6, [0, 580, -215, 215, -500, 575])	473	628
284	19	18:32:48.284663	66768.284663	4.31658196449	90.0	-360.0	80.0	-280.0	1	2	NA	0	1	1	0	0	0	0	0	0	0	0	0	0	(225, -450, -9, 6, [0, 580, -215, 215, -500, 575])	473	628
284	19	18:32:48.357703	66768.357703	4.38962984085	90.0	-360.0	80.0	-280.0	1	1	NA	0	1	1	0	0	0	0	0	0	0	0	0	0	(225, -450, -9, 6, [0, 580, -215, 215, -500, 575])	474	630
284	19	18:32:52.474157	66772.474157	8.5060839653	NA	NA	NA	NA	NA	NA	NA	NA	NA	NA	NA	0	0	0	0	0	0	0	1	0	(225, -450, -9, 6, [0, 580, -215, 215, -500, 575])	479	641
284	19	18:33:02.472874	66782.472874	18.5048010349	NA	NA	NA	NA	NA	NA	NA	NA	NA	NA	NA	0	0	0	0	0	0	0	0	1	(225, -450, -9, 6, [0, 580, -215, 215, -500, 575])	491	643
284	20	18:33:02.495285	66782.495285	0.00545501708984	NA	NA	NA	NA	NA	NA	NA	NA	NA	NA	NA	0	0	0	0	0	1	0	0	0	(300, -450, -5, 6, [100, 200, -100])	491	643
284	20	18:33:06.505733	66786.505733	4.01590013504	295.0	-444.0	0.0	-360.0	0	NA	NA	0	0	0	0	0	0	0	0	0	0	1	0	0	(300, -450, -5, 6, [100, 200, -100])	496	646
284	20	18:33:06.972582	66786.972582	4.48275113106	160.0	-282.0	0.0	-360.0	1	1	up	0	0	0	0	0	0	0	0	0	0	0	0	0	(300, -450, -5, 6, [100, 200, -100])	497	648
284	20	18:33:07.139032	66787.139032	4.64920020103	110.0	-222.0	0.0	-280.0	1	1	up	0	0	0	0	0	0	0	0	0	0	0	0	0	(300, -450, -5, 6, [100, 200, -100])	497	648
284	20	18:33:07.167517	66787.167517	4.67768597603	105.0	-216.0	0.0	-200.0	0	NA	NA	1	0	0	0	0	0	0	0	0	0	0	0	0	(300, -450, -5, 6, [100, 200, -100])	497	649
284	20	18:33:07.317481	66787.317481	4.82765102386	140.0	-174.0	0.0	-200.0	1	1	up	0	0	0	0	0	0	0	0	0	0	0	0	0	(300, -450, -5, 6, [100, 200, -100])	497	651
284	20	18:33:07.439202	66787.439202	4.94936919212	175.0	-132.0	0.0	-120.0	1	1	up	0	0	0	0	0	0	0	0	0	0	0	0	0	(300, -450, -5, 6, [100, 200, -100])	497	652
284	20	18:33:07.522524	66787.522524	5.03269410133	195.0	-108.0	0.0	-40.0	0	NA	NA	1	0	0	0	0	0	0	0	0	0	0	0	0	(300, -450, -5, 6, [100, 200, -100])	498	654
284	20	18:33:07.817276	66787.817276	5.32744503021	110.0	-6.0	0.0	-40.0	1	1	up	0	0	0	0	0	0	0	0	0	0	0	0	0	(300, -450, -5, 6, [100, 200, -100])	498	655
284	20	18:33:07.855534	66787.855534	5.36570310593	100.0	6.0	0.0	40.0	1	2	right	0	1	1	0	0	1	1	0	0	0	0	0	0	(300, -450, -5, 6, [100, 200, -100])	498	656
284	20	18:33:07.972154	66787.972154	5.48232412338	100.0	6.0	80.0	40.0	1	1	NA	0	1	1	0	0	0	0	0	0	0	0	0	0	(300, -450, -5, 6, [100, 200, -100])	498	656
284	20	18:33:08.039010	66788.03901	5.54917812347	100.0	6.0	80.0	40.0	1	2	NA	0	1	1	0	0	0	0	0	0	0	0	0	0	(300, -450, -5, 6, [100, 200, -100])	498	656
284	20	18:33:08.122421	66788.122421	5.63259005547	100.0	6.0	80.0	40.0	1	1	NA	0	1	1	0	0	0	0	0	0	0	0	0	0	(300, -450, -5, 6, [100, 200, -100])	498	658
284	20	18:33:11.005183	66791.005183	8.51535201073	NA	NA	NA	NA	NA	NA	NA	NA	NA	NA	NA	0	0	0	0	0	0	0	1	0	(300, -450, -5, 6, [100, 200, -100])	502	664
284	20	18:33:21.004065	66801.004065	18.5142331123	NA	NA	NA	NA	NA	NA	NA	NA	NA	NA	NA	0	0	0	0	0	0	0	0	1	(300, -450, -5, 6, [100, 200, -100])	514	672
284	21	18:33:21.025050	66801.02505	0.00388312339783	NA	NA	NA	NA	NA	NA	NA	NA	NA	NA	NA	0	0	0	0	0	1	0	0	0	(300, -450, -9, 6, [-575, 575, -575, 575])	514	672
284	21	18:33:25.037075	66805.037075	4.01590800285	291.0	-444.0	0.0	-360.0	0	NA	NA	0	0	0	0	0	0	0	0	0	0	1	0	0	(300, -450, -9, 6, [-575, 575, -575, 575])	519	683
284	21	18:33:25.570267	66805.570267	4.54909896851	12.0	-258.0	0.0	-360.0	1	1	up	0	1	1	0	0	1	1	0	0	0	0	0	0	(300, -450, -9, 6, [-575, 575, -575, 575])	520	684
284	21	18:33:25.670436	66805.670436	4.64926815033	12.0	-258.0	0.0	-280.0	1	2	NA	0	1	1	0	0	0	0	0	0	0	0	0	0	(300, -450, -9, 6, [-575, 575, -575, 575])	520	684
284	21	18:33:25.753528	66805.753528	4.73235106468	12.0	-258.0	0.0	-280.0	1	1	NA	0	1	1	0	0	0	0	0	0	0	0	0	0	(300, -450, -9, 6, [-575, 575, -575, 575])	520	684
284	21	18:33:25.836940	66805.83694	4.81577205658	12.0	-258.0	0.0	-280.0	1	2	NA	0	1	1	0	0	0	0	0	0	0	0	0	0	(300, -450, -9, 6, [-575, 575, -575, 575])	520	684
284	21	18:33:25.950325	66805.950325	4.92915701866	12.0	-258.0	0.0	-280.0	1	1	NA	0	1	1	0	0	0	0	0	0	0	0	0	0	(300, -450, -9, 6, [-575, 575, -575, 575])	521	685
284	21	18:33:29.536639	66809.536639	8.5154709816	NA	NA	NA	NA	NA	NA	NA	NA	NA	NA	NA	0	0	0	0	0	0	0	1	0	(300, -450, -9, 6, [-575, 575, -575, 575])	525	690
284	21	18:33:39.535507	66819.535507	18.5143389702	NA	NA	NA	NA	NA	NA	NA	NA	NA	NA	NA	0	0	0	0	0	0	0	0	1	(300, -450, -9, 6, [-575, 575, -575, 575])	538	691
284	22	18:33:39.556707	66819.556707	0.00441312789917	NA	NA	NA	NA	NA	NA	NA	NA	NA	NA	NA	0	0	0	0	0	1	0	0	0	(300, -450, 2, 6, [])	538	691
284	22	18:33:43.568211	66823.568211	4.01591706276	302.0	-444.0	0.0	-360.0	0	NA	NA	0	0	0	0	0	0	0	0	0	0	1	0	0	(300, -450, 2, 6, [])	543	692
284	22	18:33:43.951548	66823.951548	4.39925312996	348.0	-306.0	0.0	-360.0	1	2	right	0	0	0	0	0	0	0	0	0	0	0	0	0	(300, -450, 2, 6, [])	543	692
284	22	18:33:44.085053	66824.085053	4.53275799751	364.0	-258.0	80.0	-360.0	1	1	up	0	0	0	0	0	0	0	0	0	0	0	0	0	(300, -450, 2, 6, [])	543	692
284	22	18:33:44.168388	66824.168388	4.61609315872	374.0	-228.0	80.0	-280.0	1	2	right	0	0	0	0	0	0	0	0	0	0	0	0	0	(300, -450, 2, 6, [])	543	692
284	22	18:33:44.301538	66824.301538	4.74924302101	390.0	-180.0	160.0	-280.0	1	2	right	0	0	0	0	0	0	0	0	0	0	0	0	0	(300, -450, 2, 6, [])	543	692
284	22	18:33:44.401474	66824.401474	4.84917807579	402.0	-144.0	240.0	-280.0	1	1	up	0	0	0	0	0	0	0	0	0	0	0	0	0	(300, -450, 2, 6, [])	544	692
284	22	18:33:44.485056	66824.485056	4.93276119232	412.0	-114.0	240.0	-200.0	1	2	right	0	0	0	0	0	0	0	0	0	0	0	0	0	(300, -450, 2, 6, [])	544	692
284	22	18:33:44.568410	66824.56841	5.01611614227	422.0	-84.0	320.0	-200.0	1	1	up	0	0	0	0	0	0	0	0	0	0	0	0	0	(300, -450, 2, 6, [])	544	692
284	22	18:33:44.684865	66824.684865	5.13257098198	434.0	-48.0	320.0	-120.0	1	2	right	0	0	0	0	0	0	0	0	0	0	0	0	0	(300, -450, 2, 6, [])	544	693
284	22	18:33:44.756757	66824.756757	5.2044570446	442.0	-24.0	400.0	-120.0	1	1	up	0	0	0	0	0	0	0	0	0	0	0	0	0	(300, -450, 2, 6, [])	544	694
284	22	18:33:44.868280	66824.86828	5.31598615646	454.0	12.0	400.0	-40.0	1	2	right	0	0	0	0	0	0	0	0	0	0	0	0	0	(300, -450, 2, 6, [])	544	695
284	22	18:33:44.934977	66824.934977	5.38268303871	462.0	36.0	480.0	-40.0	1	1	up	0	1	1	0	0	1	1	0	0	0	0	0	0	(300, -450, 2, 6, [])	544	695
284	22	18:33:45.018287	66825.018287	5.46599316597	462.0	36.0	480.0	40.0	1	2	NA	0	1	1	0	0	0	0	0	0	0	0	0	0	(300, -450, 2, 6, [])	544	695
284	22	18:33:45.101351	66825.101351	5.54905509949	462.0	36.0	480.0	40.0	1	1	NA	0	1	1	0	0	0	0	0	0	0	0	0	0	(300, -450, 2, 6, [])	544	695
284	22	18:33:45.168248	66825.168248	5.6159529686	462.0	36.0	480.0	40.0	1	2	NA	0	1	1	0	0	0	0	0	0	0	0	0	0	(300, -450, 2, 6, [])	545	695
284	22	18:33:45.251389	66825.251389	5.69909310341	462.0	36.0	480.0	40.0	1	1	NA	0	1	1	0	0	0	0	0	0	0	0	0	0	(300, -450, 2, 6, [])	545	695
284	22	18:33:48.099992	66828.099992	8.54769706726	NA	NA	NA	NA	NA	NA	NA	NA	NA	NA	NA	0	0	0	0	0	0	0	1	0	(300, -450, 2, 6, [])	548	744
284	22	18:33:58.066843	66838.066843	18.5145480633	NA	NA	NA	NA	NA	NA	NA	NA	NA	NA	NA	0	0	0	0	0	0	0	0	1	(300, -450, 2, 6, [])	561	858
284	23	18:33:58.088179	66838.088179	0.00448393821716	NA	NA	NA	NA	NA	NA	NA	NA	NA	NA	NA	0	0	0	0	0	1	0	0	0	(360, -450, -5, 6, [0, 430])	561	858
284	23	18:34:02.099582	66842.099582	4.01588582993	355.0	-444.0	0.0	-360.0	0	NA	NA	0	0	0	0	0	0	0	0	0	0	1	0	0	(360, -450, -5, 6, [0, 430])	566	860
284	23	18:34:02.533027	66842.533027	4.44933104515	225.0	-288.0	0.0	-360.0	1	2	right	0	0	0	0	0	0	0	0	0	0	0	0	0	(360, -450, -5, 6, [0, 430])	566	860
284	23	18:34:02.633074	66842.633074	4.54937887192	195.0	-252.0	80.0	-360.0	1	1	up	0	0	0	0	0	0	0	0	0	0	0	0	0	(360, -450, -5, 6, [0, 430])	566	860
284	23	18:34:02.749609	66842.749609	4.66591286659	160.0	-210.0	80.0	-280.0	1	2	right	0	0	0	0	0	0	0	0	0	0	0	0	0	(360, -450, -5, 6, [0, 430])	567	860
284	23	18:34:02.816335	66842.816335	4.732640028	140.0	-186.0	160.0	-280.0	1	1	up	0	0	0	0	0	0	0	0	0	0	0	0	0	(360, -450, -5, 6, [0, 430])	567	860
284	23	18:34:02.933165	66842.933165	4.84946894646	105.0	-144.0	160.0	-200.0	1	2	right	0	0	0	0	0	0	0	0	0	0	0	0	0	(360, -450, -5, 6, [0, 430])	567	860
284	23	18:34:02.999752	66842.999752	4.91605496407	85.0	-120.0	240.0	-200.0	1	1	up	0	0	0	0	0	0	0	0	0	0	0	0	0	(360, -450, -5, 6, [0, 430])	567	860
284	23	18:34:03.216367	66843.216367	5.13267183304	20.0	-42.0	240.0	-120.0	1	1	up	0	0	0	0	0	0	0	0	0	0	0	0	0	(360, -450, -5, 6, [0, 430])	567	860
284	23	18:34:03.266463	66843.266463	5.18276786804	5.0	-24.0	240.0	-40.0	0	NA	NA	1	0	0	0	0	0	0	0	0	0	0	0	0	(360, -450, -5, 6, [0, 430])	567	860
284	23	18:34:03.499725	66843.499725	5.41602897644	75.0	60.0	240.0	-40.0	1	4	left	0	0	0	0	0	0	0	0	0	0	0	0	0	(360, -450, -5, 6, [0, 430])	567	860
284	23	18:34:03.566232	66843.566232	5.48253798485	95.0	84.0	160.0	-40.0	1	1	up	0	0	0	0	0	0	0	0	0	0	0	0	0	(360, -450, -5, 6, [0, 430])	568	860
284	23	18:34:03.716515	66843.716515	5.63281989098	140.0	138.0	160.0	40.0	1	4	left	0	0	0	0	0	0	0	0	0	0	0	0	0	(360, -450, -5, 6, [0, 430])	568	860
284	23	18:34:03.816489	66843.816489	5.73279380798	170.0	174.0	80.0	40.0	1	1	up	0	0	0	0	0	0	0	0	0	0	0	0	0	(360, -450, -5, 6, [0, 430])	568	860
284	23	18:34:03.899595	66843.899595	5.81589889526	195.0	204.0	80.0	120.0	1	4	left	0	0	0	0	0	0	0	0	0	0	0	0	0	(360, -450, -5, 6, [0, 430])	568	860
284	23	18:34:04.016406	66844.016406	5.93271183968	230.0	246.0	0.0	120.0	1	2	right	0	0	0	0	0	0	0	0	0	0	0	0	0	(360, -450, -5, 6, [0, 430])	568	860
284	23	18:34:04.149778	66844.149778	6.06608080864	270.0	294.0	80.0	120.0	1	2	right	0	0	0	0	0	0	0	0	0	0	0	0	0	(360, -450, -5, 6, [0, 430])	568	860
284	23	18:34:04.199788	66844.199788	6.11609196663	285.0	312.0	160.0	120.0	1	1	up	0	0	0	0	0	0	0	0	0	0	0	0	0	(360, -450, -5, 6, [0, 430])	568	860
284	23	18:34:04.383179	66844.383179	6.29948282242	340.0	378.0	160.0	200.0	1	2	right	0	0	0	0	0	0	0	0	0	0	0	0	0	(360, -450, -5, 6, [0, 430])	569	860
284	23	18:34:04.416360	66844.41636	6.33266592026	345.0	384.0	240.0	200.0	0	NA	NA	0	0	0	1	0	0	0	1	1	0	0	0	0	(360, -450, -5, 6, [0, 430])	569	860
284	23	18:34:04.566231	66844.566231	6.48253583908	345.0	384.0	240.0	200.0	1	1,2	right	0	0	0	1	0	0	0	0	0	0	0	0	0	(360, -450, -5, 6, [0, 430])	569	860
284	23	18:34:04.634270	66844.63427	6.55057001114	345.0	384.0	320.0	200.0	1	4	left	0	0	0	1	0	0	0	0	0	0	0	0	0	(360, -450, -5, 6, [0, 430])	569	860
284	23	18:34:06.599807	66846.599807	8.51611089706	NA	NA	NA	NA	NA	NA	NA	NA	NA	NA	NA	0	0	0	0	0	0	0	1	0	(360, -450, -5, 6, [0, 430])	571	863
284	23	18:34:16.599617	66856.599617	18.5159208775	NA	NA	NA	NA	NA	NA	NA	NA	NA	NA	NA	0	0	0	0	0	0	0	0	1	(360, -450, -5, 6, [0, 430])	584	866
284	24	18:34:16.619676	66856.619676	0.00296092033386	NA	NA	NA	NA	NA	NA	NA	NA	NA	NA	NA	0	0	0	0	0	1	0	0	0	(360, -450, -5, 6, [75])	584	866
284	24	18:34:20.632950	66860.63295	4.01623392105	355.0	-444.0	0.0	-360.0	0	NA	NA	0	0	0	0	0	0	0	0	0	0	1	0	0	(360, -450, -5, 6, [75])	589	867
284	24	18:34:21.066596	66861.066596	4.44987988472	225.0	-288.0	0.0	-360.0	1	2	right	0	0	0	0	0	0	0	0	0	0	0	0	0	(360, -450, -5, 6, [75])	589	867
284	24	18:34:21.132983	66861.132983	4.51626586914	205.0	-264.0	80.0	-360.0	1	1	up	0	0	0	0	0	0	0	0	0	0	0	0	0	(360, -450, -5, 6, [75])	590	867
284	24	18:34:21.249625	66861.249625	4.63290691376	170.0	-222.0	80.0	-280.0	1	2	right	0	0	0	0	0	0	0	0	0	0	0	0	0	(360, -450, -5, 6, [75])	590	867
284	24	18:34:21.333185	66861.333185	4.71646785736	145.0	-192.0	160.0	-280.0	1	1	up	0	1	1	0	0	1	1	0	0	0	0	0	0	(360, -450, -5, 6, [75])	590	867
284	24	18:34:21.499574	66861.499574	4.88285589218	145.0	-192.0	160.0	-200.0	1	1	NA	0	1	1	0	0	0	0	0	0	0	0	0	0	(360, -450, -5, 6, [75])	590	868
284	24	18:34:21.566576	66861.566576	4.94985890388	145.0	-192.0	160.0	-200.0	1	2	NA	0	1	1	0	0	0	0	0	0	0	0	0	0	(360, -450, -5, 6, [75])	590	868
284	24	18:34:21.649576	66861.649576	5.0328578949	145.0	-192.0	160.0	-200.0	1	1	NA	0	1	1	0	0	0	0	0	0	0	0	0	0	(360, -450, -5, 6, [75])	590	868
284	24	18:34:21.783150	66861.78315	5.16643285751	145.0	-192.0	160.0	-200.0	1	2	NA	0	1	1	0	0	0	0	0	0	0	0	0	0	(360, -450, -5, 6, [75])	590	868
284	24	18:34:25.133131	66865.133131	8.51641392708	NA	NA	NA	NA	NA	NA	NA	NA	NA	NA	NA	0	0	0	0	0	0	0	1	0	(360, -450, -5, 6, [75])	595	870
284	24	18:34:35.132981	66875.132981	18.5162639618	NA	NA	NA	NA	NA	NA	NA	NA	NA	NA	NA	0	0	0	0	0	0	0	0	1	(360, -450, -5, 6, [75])	607	877
284	25	18:34:35.153838	66875.153838	0.00420308113098	NA	NA	NA	NA	NA	NA	NA	NA	NA	NA	NA	0	0	0	0	0	1	0	0	0	(360, -450, 6, 6, [510])	607	877
284	25	18:34:39.166187	66879.166187	4.01655101776	366.0	-444.0	0.0	-360.0	0	NA	NA	0	0	0	0	0	0	0	0	0	0	1	0	0	(360, -450, 6, 6, [510])	612	883
284	25	18:34:39.566286	66879.566286	4.41665005684	510.0	-300.0	0.0	-360.0	0	NA	NA	1	0	0	0	0	0	0	0	0	0	0	0	0	(360, -450, 6, 6, [510])	613	883
284	25	18:34:39.582980	66879.58298	4.43334507942	504.0	-294.0	0.0	-360.0	1	1	up	0	0	0	0	0	0	0	0	0	0	0	0	0	(360, -450, 6, 6, [510])	613	883
284	25	18:34:39.632930	66879.63293	4.48329401016	486.0	-276.0	0.0	-280.0	1	2	right	0	0	0	0	0	0	0	0	0	0	0	0	0	(360, -450, 6, 6, [510])	613	883
284	25	18:34:39.732794	66879.732794	4.58315896988	456.0	-246.0	80.0	-280.0	1	1	up	0	0	0	0	0	0	0	0	0	0	0	0	0	(360, -450, 6, 6, [510])	613	885
284	25	18:34:39.845335	66879.845335	4.69569706917	420.0	-210.0	80.0	-200.0	1	2	right	0	0	0	0	0	0	0	0	0	0	0	0	0	(360, -450, 6, 6, [510])	613	886
284	25	18:34:39.916275	66879.916275	4.76663994789	396.0	-186.0	160.0	-200.0	1	1	up	0	0	0	0	0	0	0	0	0	0	0	0	0	(360, -450, 6, 6, [510])	613	887
284	25	18:34:40.016104	66880.016104	4.8664689064	360.0	-150.0	160.0	-120.0	1	2	right	0	0	0	0	0	0	0	0	0	0	0	0	0	(360, -450, 6, 6, [510])	613	887
284	25	18:34:40.082815	66880.082815	4.933177948	336.0	-126.0	240.0	-120.0	1	1	up	0	0	0	0	0	0	0	0	0	0	0	0	0	(360, -450, 6, 6, [510])	613	887
284	25	18:34:40.199387	66880.199387	5.04975104332	300.0	-90.0	240.0	-40.0	1	2	right	0	1	1	0	0	1	1	0	0	0	0	0	0	(360, -450, 6, 6, [510])	613	889
284	25	18:34:40.282671	66880.282671	5.13303494453	300.0	-90.0	320.0	-40.0	1	1	NA	0	1	1	0	0	0	0	0	0	0	0	0	0	(360, -450, 6, 6, [510])	613	891
284	25	18:34:43.666207	66883.666207	8.51657009125	NA	NA	NA	NA	NA	NA	NA	NA	NA	NA	NA	0	0	0	0	0	0	0	1	0	(360, -450, 6, 6, [510])	618	896
284	25	18:34:53.666087	66893.666087	18.5164520741	NA	NA	NA	NA	NA	NA	NA	NA	NA	NA	NA	0	0	0	0	0	0	0	0	1	(360, -450, 6, 6, [510])	630	916
284	26	18:34:53.687082	66893.687082	0.00422692298889	NA	NA	NA	NA	NA	NA	NA	NA	NA	NA	NA	0	0	0	0	0	1	0	0	0	(450, -450, -9, 6, [390, 505, 450, 600, 500, 600, 550, 625])	630	916
284	26	18:34:57.699047	66897.699047	4.01619100571	441.0	-444.0	0.0	-360.0	0	NA	NA	0	0	0	0	0	0	0	0	0	0	1	0	0	(450, -450, -9, 6, [390, 505, 450, 600, 500, 600, 550, 625])	635	927
284	26	18:34:57.799185	66897.799185	4.1163289547	387.0	-408.0	0.0	-360.0	0	NA	NA	1	0	0	0	0	0	0	0	0	0	0	0	0	(450, -450, -9, 6, [390, 505, 450, 600, 500, 600, 550, 625])	635	927
284	26	18:34:58.016132	66898.016132	4.33327698708	504.0	-330.0	0.0	-360.0	0	NA	NA	1	0	0	0	0	0	0	0	0	0	0	0	0	(450, -450, -9, 6, [390, 505, 450, 600, 500, 600, 550, 625])	636	927
284	26	18:34:58.032685	66898.032685	4.34982991219	495.0	-324.0	0.0	-360.0	1	1	up	0	0	0	0	0	0	0	0	0	0	0	0	0	(450, -450, -9, 6, [390, 505, 450, 600, 500, 600, 550, 625])	636	927
284	26	18:34:58.116050	66898.11605	4.43319487572	450.0	-294.0	0.0	-280.0	0	NA	NA	1	0	0	0	0	0	0	0	0	0	0	0	0	(450, -450, -9, 6, [390, 505, 450, 600, 500, 600, 550, 625])	636	927
284	26	18:34:58.149128	66898.149128	4.46627187729	468.0	-282.0	0.0	-280.0	1	2	right	0	0	0	0	0	0	0	0	0	0	0	0	0	(450, -450, -9, 6, [390, 505, 450, 600, 500, 600, 550, 625])	636	927
284	26	18:34:58.232750	66898.23275	4.54989385605	504.0	-258.0	80.0	-280.0	1	1	up	0	0	0	0	0	0	0	0	0	0	0	0	0	(450, -450, -9, 6, [390, 505, 450, 600, 500, 600, 550, 625])	636	929
284	26	18:34:58.332677	66898.332677	4.64982104301	549.0	-228.0	80.0	-200.0	1	2	right	0	0	0	0	0	0	0	0	0	0	0	0	0	(450, -450, -9, 6, [390, 505, 450, 600, 500, 600, 550, 625])	636	931
284	26	18:34:58.416055	66898.416055	4.73319888115	585.0	-204.0	160.0	-200.0	1	1	up	0	0	0	0	0	0	0	0	0	0	0	0	0	(450, -450, -9, 6, [390, 505, 450, 600, 500, 600, 550, 625])	636	933
284	26	18:34:58.449184	66898.449184	4.76632785797	603.0	-192.0	160.0	-120.0	0	NA	NA	1	0	0	0	0	0	0	0	0	0	0	0	0	(450, -450, -9, 6, [390, 505, 450, 600, 500, 600, 550, 625])	636	933
284	26	18:34:58.516023	66898.516023	4.83316802979	567.0	-168.0	160.0	-120.0	1	2	right	0	0	0	0	0	0	0	0	0	0	0	0	0	(450, -450, -9, 6, [390, 505, 450, 600, 500, 600, 550, 625])	636	933
284	26	18:34:58.599134	66898.599134	4.91627788544	522.0	-138.0	240.0	-120.0	1	1	up	0	0	0	0	0	0	0	0	0	0	0	0	0	(450, -450, -9, 6, [390, 505, 450, 600, 500, 600, 550, 625])	636	933
284	26	18:34:58.649165	66898.649165	4.96630191803	504.0	-126.0	240.0	-40.0	0	NA	NA	1	0	0	0	0	0	0	0	0	0	0	0	0	(450, -450, -9, 6, [390, 505, 450, 600, 500, 600, 550, 625])	636	935
284	26	18:34:58.726596	66898.726596	5.0437400341	540.0	-102.0	240.0	-40.0	1	2	right	0	0	0	0	0	0	0	0	0	0	0	0	0	(450, -450, -9, 6, [390, 505, 450, 600, 500, 600, 550, 625])	637	936
284	26	18:34:58.776966	66898.776966	5.09410500526	558.0	-90.0	320.0	-40.0	1	1	up	0	0	0	0	0	0	0	0	0	0	0	0	0	(450, -450, -9, 6, [390, 505, 450, 600, 500, 600, 550, 625])	637	938
284	26	18:34:58.865838	66898.865838	5.18298196793	603.0	-60.0	320.0	40.0	0	NA	NA	1	0	0	0	0	0	0	0	0	0	0	0	0	(450, -450, -9, 6, [390, 505, 450, 600, 500, 600, 550, 625])	637	939
284	26	18:34:58.893234	66898.893234	5.2103729248	594.0	-54.0	320.0	40.0	1	2	right	0	0	0	0	0	0	0	0	0	0	0	0	0	(450, -450, -9, 6, [390, 505, 450, 600, 500, 600, 550, 625])	637	940
284	26	18:34:58.949104	66898.949104	5.26624894142	567.0	-36.0	400.0	40.0	1	1	up	0	0	0	0	0	0	0	0	0	0	0	0	0	(450, -450, -9, 6, [390, 505, 450, 600, 500, 600, 550, 625])	637	941
284	26	18:34:58.993165	66898.993165	5.31030893326	549.0	-24.0	400.0	120.0	0	NA	NA	1	0	0	0	0	0	0	0	0	0	0	0	0	(450, -450, -9, 6, [390, 505, 450, 600, 500, 600, 550, 625])	637	942
284	26	18:34:59.109822	66899.109822	5.42696595192	603.0	12.0	400.0	120.0	1	2	right	0	0	0	0	0	0	0	0	0	0	0	0	0	(450, -450, -9, 6, [390, 505, 450, 600, 500, 600, 550, 625])	637	944
284	26	18:34:59.149107	66899.149107	5.46625089645	621.0	24.0	480.0	120.0	1	1	up	1	0	0	0	0	0	0	0	0	0	0	0	0	(450, -450, -9, 6, [390, 505, 450, 600, 500, 600, 550, 625])	637	945
284	26	18:34:59.416137	66899.416137	5.73328208923	486.0	114.0	480.0	200.0	0	NA	NA	0	1	1	0	0	1	1	0	0	0	0	0	0	(450, -450, -9, 6, [390, 505, 450, 600, 500, 600, 550, 625])	637	947
284	26	18:34:59.432671	66899.432671	5.74981498718	486.0	114.0	480.0	200.0	1	2	NA	0	1	1	0	0	0	0	0	0	0	0	0	0	(450, -450, -9, 6, [390, 505, 450, 600, 500, 600, 550, 625])	637	947
284	26	18:35:02.199042	66902.199042	8.51618599892	NA	NA	NA	NA	NA	NA	NA	NA	NA	NA	NA	0	0	0	0	0	0	0	1	0	(450, -450, -9, 6, [390, 505, 450, 600, 500, 600, 550, 625])	641	951
284	26	18:35:12.191667	66912.191667	18.5088100433	NA	NA	NA	NA	NA	NA	NA	NA	NA	NA	NA	0	0	0	0	0	0	0	0	1	(450, -450, -9, 6, [390, 505, 450, 600, 500, 600, 550, 625])	653	969
284	27	18:35:12.212574	66912.212574	0.00406098365784	NA	NA	NA	NA	NA	NA	NA	NA	NA	NA	NA	0	0	0	0	0	1	0	0	0	(400, -450, -6, 6, [-580, -290, -325])	653	969
284	27	18:35:16.224787	66916.224787	4.0162730217	394.0	-444.0	0.0	-360.0	0	NA	NA	0	0	0	0	0	0	0	0	0	0	1	0	0	(400, -450, -6, 6, [-580, -290, -325])	658	979
284	27	18:35:16.632433	66916.632433	4.42391896248	250.0	-300.0	0.0	-360.0	1	2	right	0	0	0	0	0	0	0	0	0	0	0	0	0	(400, -450, -6, 6, [-580, -290, -325])	659	980
284	27	18:35:16.732400	66916.7324	4.52388596535	220.0	-270.0	80.0	-360.0	1	1	up	0	0	0	0	0	0	0	0	0	0	0	0	0	(400, -450, -6, 6, [-580, -290, -325])	659	982
284	27	18:35:16.832308	66916.832308	4.6237950325	184.0	-234.0	80.0	-280.0	1	2	right	0	0	0	0	0	0	0	0	0	0	0	0	0	(400, -450, -6, 6, [-580, -290, -325])	659	982
284	27	18:35:16.915723	66916.915723	4.70720911026	160.0	-210.0	160.0	-280.0	1	1	up	0	1	1	0	0	1	1	0	0	0	0	0	0	(400, -450, -6, 6, [-580, -290, -325])	659	984
284	27	18:35:17.024651	66917.024651	4.81613707542	160.0	-210.0	160.0	-200.0	1	2	NA	0	1	1	0	0	0	0	0	0	0	0	0	0	(400, -450, -6, 6, [-580, -290, -325])	659	985
284	27	18:35:17.098879	66917.098879	4.89036417007	160.0	-210.0	160.0	-200.0	1	1	NA	0	1	1	0	0	0	0	0	0	0	0	0	0	(400, -450, -6, 6, [-580, -290, -325])	659	986
284	27	18:35:20.715516	66920.715516	8.50700211525	NA	NA	NA	NA	NA	NA	NA	NA	NA	NA	NA	0	0	0	0	0	0	0	1	0	(400, -450, -6, 6, [-580, -290, -325])	664	1000
284	27	18:35:30.722864	66930.722864	18.5143511295	NA	NA	NA	NA	NA	NA	NA	NA	NA	NA	NA	0	0	0	0	0	0	0	0	1	(400, -450, -6, 6, [-580, -290, -325])	677	1020
284	28	18:35:30.743362	66930.743362	0.00359797477722	NA	NA	NA	NA	NA	NA	NA	NA	NA	NA	NA	0	0	0	0	0	1	0	0	0	(400, -450, -6, 6, [140])	677	1020
284	28	18:35:34.755786	66934.755786	4.01602196693	394.0	-444.0	0.0	-360.0	0	NA	NA	0	0	0	0	0	0	0	0	0	0	1	0	0	(400, -450, -6, 6, [140])	682	1033
284	28	18:35:35.289337	66935.289337	4.54957199097	202.0	-252.0	0.0	-360.0	1	1	up	0	0	0	0	0	0	0	0	0	0	0	0	0	(400, -450, -6, 6, [140])	682	1033
284	28	18:35:35.389345	66935.389345	4.64958095551	172.0	-222.0	0.0	-280.0	1	2	right	0	0	0	0	0	0	0	0	0	0	0	0	0	(400, -450, -6, 6, [140])	682	1035
284	28	18:35:35.472339	66935.472339	4.73257493973	142.0	-192.0	80.0	-280.0	0	NA	NA	1	0	0	0	0	0	0	0	0	0	0	0	0	(400, -450, -6, 6, [140])	682	1035
284	28	18:35:35.489048	66935.489048	4.74928498268	148.0	-186.0	80.0	-280.0	1	1	up	0	0	0	0	0	0	0	0	0	0	0	0	0	(400, -450, -6, 6, [140])	682	1035
284	28	18:35:35.582271	66935.582271	4.84243988991	172.0	-162.0	80.0	-200.0	1	2	right	0	0	0	0	0	0	0	0	0	0	0	0	0	(400, -450, -6, 6, [140])	683	1038
284	28	18:35:35.690435	66935.690435	4.95066189766	208.0	-126.0	160.0	-200.0	1	1	up	0	0	0	0	0	0	0	0	0	0	0	0	0	(400, -450, -6, 6, [140])	683	1039
284	28	18:35:35.805687	66935.805687	5.06592297554	244.0	-90.0	160.0	-120.0	1	2	right	0	0	0	0	0	0	0	0	0	0	0	0	0	(400, -450, -6, 6, [140])	683	1040
284	28	18:35:35.889297	66935.889297	5.1495308876	268.0	-66.0	240.0	-120.0	1	1	up	0	1	1	0	0	1	1	0	0	0	0	0	0	(400, -450, -6, 6, [140])	683	1042
284	28	18:35:36.039218	66936.039218	5.29945278168	268.0	-66.0	240.0	-40.0	1	2	NA	0	1	1	0	0	0	0	0	0	0	0	0	0	(400, -450, -6, 6, [140])	683	1044
284	28	18:35:36.132179	66936.132179	5.3924138546	268.0	-66.0	240.0	-40.0	1	1	NA	0	1	1	0	0	0	0	0	0	0	0	0	0	(400, -450, -6, 6, [140])	683	1045
284	28	18:35:39.261594	66939.261594	8.52180981636	NA	NA	NA	NA	NA	NA	NA	NA	NA	NA	NA	0	0	0	0	0	0	0	1	0	(400, -450, -6, 6, [140])	687	1058
284	28	18:35:49.254125	66949.254125	18.514359951	NA	NA	NA	NA	NA	NA	NA	NA	NA	NA	NA	0	0	0	0	0	0	0	0	1	(400, -450, -6, 6, [140])	700	1064
284	29	18:35:49.274223	66949.274223	0.00308299064636	NA	NA	NA	NA	NA	NA	NA	NA	NA	NA	NA	0	0	0	0	0	1	0	0	0	(650, -450, -8, 6, [250, 675])	700	1064
284	29	18:35:53.287290	66953.28729	4.01614809036	642.0	-444.0	0.0	-360.0	0	NA	NA	0	0	0	0	0	0	0	0	0	0	1	0	0	(650, -450, -8, 6, [250, 675])	705	1074
284	29	18:35:53.687135	66953.687135	4.41599297523	450.0	-300.0	0.0	-360.0	1	2	right	0	0	0	0	0	0	0	0	0	0	0	0	0	(650, -450, -8, 6, [250, 675])	705	1074
284	29	18:35:53.815297	66953.815297	4.54415607452	402.0	-264.0	80.0	-360.0	1	1	up	0	0	0	0	0	0	0	0	0	0	0	0	0	(650, -450, -8, 6, [250, 675])	705	1077
284	29	18:35:53.903665	66953.903665	4.63252305984	370.0	-240.0	80.0	-280.0	1	2	right	0	0	0	0	0	0	0	0	0	0	0	0	0	(650, -450, -8, 6, [250, 675])	705	1079
284	29	18:35:53.999416	66953.999416	4.72817111015	338.0	-216.0	160.0	-280.0	1	1	up	0	0	0	0	0	0	0	0	0	0	0	0	0	(650, -450, -8, 6, [250, 675])	706	1082
284	29	18:35:54.086932	66954.086932	4.81579113007	306.0	-192.0	160.0	-200.0	1	2	right	0	0	0	0	0	0	0	0	0	0	0	0	0	(650, -450, -8, 6, [250, 675])	706	1084
284	29	18:35:54.170284	66954.170284	4.8991420269	274.0	-168.0	240.0	-200.0	1	1	up	0	0	0	0	0	0	0	0	0	0	0	0	0	(650, -450, -8, 6, [250, 675])	706	1085
284	29	18:35:54.186968	66954.186968	4.91582798958	266.0	-162.0	240.0	-120.0	0	NA	NA	0	1	1	0	0	1	1	0	0	0	0	0	0	(650, -450, -8, 6, [250, 675])	706	1085
284	29	18:35:54.337161	66954.337161	5.0660200119	266.0	-162.0	240.0	-120.0	1	1	NA	0	1	1	0	0	0	0	0	0	0	0	0	0	(650, -450, -8, 6, [250, 675])	706	1085
284	29	18:35:54.437204	66954.437204	5.16606211662	266.0	-162.0	240.0	-120.0	1	2	NA	0	1	1	0	0	0	0	0	0	0	0	0	0	(650, -450, -8, 6, [250, 675])	706	1085
284	29	18:35:57.786987	66957.786987	8.51583814621	NA	NA	NA	NA	NA	NA	NA	NA	NA	NA	NA	0	0	0	0	0	0	0	1	0	(650, -450, -8, 6, [250, 675])	710	1095
284	29	18:36:07.785490	66967.78549	18.5143480301	NA	NA	NA	NA	NA	NA	NA	NA	NA	NA	NA	0	0	0	0	0	0	0	0	1	(650, -450, -8, 6, [250, 675])	723	1101
284	30	18:36:07.806346	66967.806346	0.0040020942688	NA	NA	NA	NA	NA	NA	NA	NA	NA	NA	NA	0	0	0	0	0	1	0	0	0	(650, -450, 0, 6, [])	723	1101
284	30	18:36:11.818577	66971.818577	4.0162320137	650.0	-444.0	0.0	-360.0	0	NA	NA	0	0	0	0	0	0	0	0	0	0	1	0	0	(650, -450, 0, 6, [])	728	1104
284	30	18:36:12.534922	66972.534922	4.73257803917	650.0	-192.0	0.0	-360.0	1	2	right	0	0	0	0	0	0	0	0	0	0	0	0	0	(650, -450, 0, 6, [])	729	1106
284	30	18:36:12.618429	66972.618429	4.81607508659	650.0	-162.0	80.0	-360.0	1	1	up	0	0	0	0	0	0	0	0	0	0	0	0	0	(650, -450, 0, 6, [])	729	1106
284	30	18:36:12.735152	66972.735152	4.93280696869	650.0	-120.0	80.0	-280.0	1	2	right	0	0	0	0	0	0	0	0	0	0	0	0	0	(650, -450, 0, 6, [])	729	1106
284	30	18:36:12.801586	66972.801586	4.99923992157	650.0	-96.0	160.0	-280.0	1	1	up	0	0	0	0	0	0	0	0	0	0	0	0	0	(650, -450, 0, 6, [])	729	1106
284	30	18:36:12.918436	66972.918436	5.11609196663	650.0	-54.0	160.0	-200.0	1	2	right	0	0	0	0	0	0	0	0	0	0	0	0	0	(650, -450, 0, 6, [])	729	1106
284	30	18:36:13.001561	66973.001561	5.1992161274	650.0	-24.0	240.0	-200.0	1	1	up	0	0	0	0	0	0	0	0	0	0	0	0	0	(650, -450, 0, 6, [])	729	1106
284	30	18:36:13.118294	66973.118294	5.31594991684	650.0	18.0	240.0	-120.0	1	2	right	0	0	0	0	0	0	0	0	0	0	0	0	0	(650, -450, 0, 6, [])	730	1106
284	30	18:36:13.168523	66973.168523	5.36617898941	650.0	36.0	320.0	-120.0	1	1	up	0	0	0	0	0	0	0	0	0	0	0	0	0	(650, -450, 0, 6, [])	730	1106
284	30	18:36:13.268426	66973.268426	5.46608090401	650.0	72.0	320.0	-40.0	1	2	right	0	0	0	0	0	0	0	0	0	0	0	0	0	(650, -450, 0, 6, [])	730	1106
284	30	18:36:13.385073	66973.385073	5.58272790909	650.0	114.0	400.0	-40.0	1	1	up	0	0	0	0	0	0	0	0	0	0	0	0	0	(650, -450, 0, 6, [])	730	1106
284	30	18:36:13.501471	66973.501471	5.69912600517	650.0	150.0	400.0	40.0	1	2	right	0	0	0	0	0	0	0	0	0	0	0	0	0	(650, -450, 0, 6, [])	730	1108
284	30	18:36:13.535109	66973.535109	5.73276495934	650.0	162.0	480.0	40.0	1	1	up	0	0	0	0	0	0	0	0	0	0	0	0	0	(650, -450, 0, 6, [])	730	1108
284	30	18:36:13.634807	66973.634807	5.83246302605	650.0	186.0	480.0	120.0	1	2	right	0	0	0	0	0	0	0	0	0	0	0	0	0	(650, -450, 0, 6, [])	730	1112
284	30	18:36:13.718563	66973.718563	5.91621112823	650.0	216.0	560.0	120.0	1	1	up	0	0	0	0	0	0	0	0	0	0	0	0	0	(650, -450, 0, 6, [])	730	1112
284	30	18:36:13.801425	66973.801425	5.9990811348	650.0	240.0	560.0	200.0	1	2	right	0	0	0	0	0	0	0	0	0	0	0	0	0	(650, -450, 0, 6, [])	730	1114
284	30	18:36:13.851451	66973.851451	6.04910707474	650.0	258.0	640.0	200.0	1	1	up	0	1	1	0	0	1	1	0	0	0	0	0	0	(650, -450, 0, 6, [])	730	1114
284	30	18:36:13.968178	66973.968178	6.16583299637	650.0	258.0	640.0	280.0	1	2	NA	0	1	1	0	0	0	0	0	0	0	0	0	0	(650, -450, 0, 6, [])	731	1115
284	30	18:36:14.034791	66974.034791	6.2324450016	650.0	258.0	640.0	280.0	1	1	NA	0	1	1	0	0	0	0	0	0	0	0	0	0	(650, -450, 0, 6, [])	731	1115
284	30	18:36:14.118313	66974.118313	6.31596803665	650.0	258.0	640.0	280.0	1	2	NA	0	1	1	0	0	0	0	0	0	0	0	0	0	(650, -450, 0, 6, [])	731	1116
284	30	18:36:16.317904	66976.317904	8.51555991173	NA	NA	NA	NA	NA	NA	NA	NA	NA	NA	NA	0	0	0	0	0	0	0	1	0	(650, -450, 0, 6, [])	734	1117
284	30	18:36:26.316925	66986.316925	18.5145800114	NA	NA	NA	NA	NA	NA	NA	NA	NA	NA	NA	0	0	0	0	0	0	0	0	1	(650, -450, 0, 6, [])	746	1125
